days_passed,new_cases,total_cases,new_cases_smoothed,total_cases_smoothed,new_deaths,total_deaths,new_deaths_smoothed,total_deaths_smoothed,new_vaccinations_smoothed,total_vaccinations,total_vaccinations_smooth,new_people_vaccinated_smoothed,total_people_vaccinated,total_people_vaccinated_smooth,people_fully_vaccinated,people_fully_vaccinated_smooth,total_boosters,total_boosters_smooth,reproduction_rate,stringency_index,excess_mortality,icu_patients,hosp_patients,weekly_icu_admissions,weekly_hosp_admissions
5,0.0,0.0,0.0,0.0,0.0,0.0,0.0,0.0,0.0,0.0,0.0,0.0,0.0,0.0,0.0,0.0,0.0,0.0,-1.0,-1.0,-1000.0,-1.0,-1.0,-1.0,-1.0
6,0.0,0.0,0.0,0.0,0.0,0.0,0.0,0.0,0.0,0.0,0.0,0.0,0.0,0.0,0.0,0.0,0.0,0.0,-1.0,-1.0,-1000.0,-1.0,-1.0,-1.0,-1.0
7,0.0,0.0,0.0,0.0,0.0,0.0,0.0,0.0,0.0,0.0,0.0,0.0,0.0,0.0,0.0,0.0,0.0,0.0,-1.0,-1.0,-1000.0,-1.0,-1.0,-1.0,-1.0
8,0.0,0.0,0.0,0.0,0.0,0.0,0.0,0.0,0.0,0.0,0.0,0.0,0.0,0.0,0.0,0.0,0.0,0.0,-1.0,-1.0,-1000.0,-1.0,-1.0,-1.0,-1.0
9,0.0,0.0,0.0,0.0,0.0,0.0,0.0,0.0,0.0,0.0,0.0,0.0,0.0,0.0,0.0,0.0,0.0,0.0,-1.0,-1.0,-1000.0,-1.0,-1.0,-1.0,-1.0
10,0.0,0.0,0.0,0.0,0.0,0.0,0.0,0.0,0.0,0.0,0.0,0.0,0.0,0.0,0.0,0.0,0.0,0.0,-1.0,-1.0,-1000.0,-1.0,-1.0,-1.0,-1.0
11,0.0,0.0,0.0,0.0,0.0,0.0,0.0,0.0,0.0,0.0,0.0,0.0,0.0,0.0,0.0,0.0,0.0,0.0,-1.0,-1.0,-1000.0,-1.0,-1.0,-1.0,-1.0
12,0.0,0.0,0.0,0.0,0.0,0.0,0.0,0.0,0.0,0.0,0.0,0.0,0.0,0.0,0.0,0.0,0.0,0.0,-1.0,-1.0,-1000.0,-1.0,-1.0,-1.0,-1.0
13,0.0,0.0,0.0,0.0,0.0,0.0,0.0,0.0,0.0,0.0,0.0,0.0,0.0,0.0,0.0,0.0,0.0,0.0,-1.0,-1.0,-1000.0,-1.0,-1.0,-1.0,-1.0
14,0.0,0.0,0.0,0.0,0.0,0.0,0.0,0.0,0.0,0.0,0.0,0.0,0.0,0.0,0.0,0.0,0.0,0.0,-1.0,-1.0,-1000.0,-1.0,-1.0,-1.0,-1.0
15,0.0,0.0,0.0,0.0,0.0,0.0,0.0,0.0,0.0,0.0,0.0,0.0,0.0,0.0,0.0,0.0,0.0,0.0,-1.0,-1.0,-1000.0,-1.0,-1.0,-1.0,-1.0
16,0.0,0.0,0.0,0.0,0.0,0.0,0.0,0.0,0.0,0.0,0.0,0.0,0.0,0.0,0.0,0.0,0.0,0.0,-1.0,-1.0,-1000.0,-1.0,-1.0,-1.0,-1.0
17,0.0,0.0,0.0,0.0,0.0,0.0,0.0,0.0,0.0,0.0,0.0,0.0,0.0,0.0,0.0,0.0,0.0,0.0,-1.0,-1.0,-1000.0,-1.0,-1.0,-1.0,-1.0
18,0.0,0.0,0.0,0.0,0.0,0.0,0.0,0.0,0.0,0.0,0.0,0.0,0.0,0.0,0.0,0.0,0.0,0.0,-1.0,-1.0,-1000.0,-1.0,-1.0,-1.0,-1.0
19,0.0,0.0,0.0,0.0,0.0,0.0,0.0,0.0,0.0,0.0,0.0,0.0,0.0,0.0,0.0,0.0,0.0,0.0,-1.0,-1.0,-1000.0,-1.0,-1.0,-1.0,-1.0
20,0.0,0.0,0.0,0.0,0.0,0.0,0.0,0.0,0.0,0.0,0.0,0.0,0.0,0.0,0.0,0.0,0.0,0.0,-1.0,-1.0,-1000.0,-1.0,-1.0,-1.0,-1.0
21,0.0,0.0,0.0,0.0,0.0,0.0,0.0,0.0,0.0,0.0,0.0,0.0,0.0,0.0,0.0,0.0,0.0,0.0,-1.0,-1.0,-1000.0,-1.0,-1.0,-1.0,-1.0
22,0.0,0.0,0.0,0.0,0.0,0.0,0.0,0.0,0.0,0.0,0.0,0.0,0.0,0.0,0.0,0.0,0.0,0.0,-1.0,-1.0,-1000.0,-1.0,-1.0,-1.0,-1.0
23,0.0,0.0,0.0,0.0,0.0,0.0,0.0,0.0,0.0,0.0,0.0,0.0,0.0,0.0,0.0,0.0,0.0,0.0,-1.0,-1.0,-1000.0,-1.0,-1.0,-1.0,-1.0
24,0.0,0.0,0.0,0.0,0.0,0.0,0.0,0.0,0.0,0.0,0.0,0.0,0.0,0.0,0.0,0.0,0.0,0.0,-1.0,-1.0,-1000.0,-1.0,-1.0,-1.0,-1.0
25,0.0,0.0,0.0,0.0,0.0,0.0,0.0,0.0,0.0,0.0,0.0,0.0,0.0,0.0,0.0,0.0,0.0,0.0,-1.0,-1.0,-1000.0,-1.0,-1.0,-1.0,-1.0
26,0.0,0.0,0.0,0.0,0.0,0.0,0.0,0.0,0.0,0.0,0.0,0.0,0.0,0.0,0.0,0.0,0.0,0.0,-1.0,-1.0,-1000.0,-1.0,-1.0,-1.0,-1.0
27,0.0,0.0,0.0,0.0,0.0,0.0,0.0,0.0,0.0,0.0,0.0,0.0,0.0,0.0,0.0,0.0,0.0,0.0,-1.0,-1.0,-1000.0,-1.0,-1.0,-1.0,-1.0
28,0.0,0.0,0.0,0.0,0.0,0.0,0.0,0.0,0.0,0.0,0.0,0.0,0.0,0.0,0.0,0.0,0.0,0.0,-1.0,-1.0,-1000.0,-1.0,-1.0,-1.0,-1.0
29,0.0,0.0,0.0,0.0,0.0,0.0,0.0,0.0,0.0,0.0,0.0,0.0,0.0,0.0,0.0,0.0,0.0,0.0,-1.0,-1.0,-1000.0,-1.0,-1.0,-1.0,-1.0
30,0.0,0.0,0.0,0.0,0.0,0.0,0.0,0.0,0.0,0.0,0.0,0.0,0.0,0.0,0.0,0.0,0.0,0.0,-1.0,-1.0,-1000.0,-1.0,-1.0,-1.0,-1.0
31,0.0,0.0,0.0,0.0,0.0,0.0,0.0,0.0,0.0,0.0,0.0,0.0,0.0,0.0,0.0,0.0,0.0,0.0,-1.0,-1.0,-1000.0,-1.0,-1.0,-1.0,-1.0
32,0.0,0.0,0.0,0.0,0.0,0.0,0.0,0.0,0.0,0.0,0.0,0.0,0.0,0.0,0.0,0.0,0.0,0.0,-1.0,-1.0,-1000.0,-1.0,-1.0,-1.0,-1.0
33,0.0,0.0,0.0,0.0,0.0,0.0,0.0,0.0,0.0,0.0,0.0,0.0,0.0,0.0,0.0,0.0,0.0,0.0,-1.0,-1.0,-1000.0,-1.0,-1.0,-1.0,-1.0
34,0.0,0.0,0.0,0.0,0.0,0.0,0.0,0.0,0.0,0.0,0.0,0.0,0.0,0.0,0.0,0.0,0.0,0.0,-1.0,-1.0,-1000.0,-1.0,-1.0,-1.0,-1.0
35,0.0,0.0,0.0,0.0,0.0,0.0,0.0,0.0,0.0,0.0,0.0,0.0,0.0,0.0,0.0,0.0,0.0,0.0,-1.0,-1.0,-1000.0,-1.0,-1.0,-1.0,-1.0
36,0.0,0.0,0.0,0.0,0.0,0.0,0.0,0.0,0.0,0.0,0.0,0.0,0.0,0.0,0.0,0.0,0.0,0.0,-1.0,-1.0,-1000.0,-1.0,-1.0,-1.0,-1.0
37,0.0,0.0,0.0,0.0,0.0,0.0,0.0,0.0,0.0,0.0,0.0,0.0,0.0,0.0,0.0,0.0,0.0,0.0,-1.0,-1.0,-1000.0,-1.0,-1.0,-1.0,-1.0
38,0.0,0.0,0.0,0.0,0.0,0.0,0.0,0.0,0.0,0.0,0.0,0.0,0.0,0.0,0.0,0.0,0.0,0.0,-1.0,-1.0,-1000.0,-1.0,-1.0,-1.0,-1.0
39,0.0,0.0,0.0,0.0,0.0,0.0,0.0,0.0,0.0,0.0,0.0,0.0,0.0,0.0,0.0,0.0,0.0,0.0,-1.0,-1.0,-1000.0,-1.0,-1.0,-1.0,-1.0
40,0.0,0.0,0.0,0.0,0.0,0.0,0.0,0.0,0.0,0.0,0.0,0.0,0.0,0.0,0.0,0.0,0.0,0.0,-1.0,-1.0,-1000.0,-1.0,-1.0,-1.0,-1.0
41,0.0,0.0,0.0,0.0,0.0,0.0,0.0,0.0,0.0,0.0,0.0,0.0,0.0,0.0,0.0,0.0,0.0,0.0,-1.0,-1.0,-1000.0,-1.0,-1.0,-1.0,-1.0
42,0.0,0.0,0.0,0.0,0.0,0.0,0.0,0.0,0.0,0.0,0.0,0.0,0.0,0.0,0.0,0.0,0.0,0.0,-1.0,-1.0,-1000.0,-1.0,-1.0,-1.0,-1.0
43,0.0,0.0,0.0,0.0,0.0,0.0,0.0,0.0,0.0,0.0,0.0,0.0,0.0,0.0,0.0,0.0,0.0,0.0,-1.0,-1.0,-1000.0,-1.0,-1.0,-1.0,-1.0
44,0.0,0.0,0.0,0.0,0.0,0.0,0.0,0.0,0.0,0.0,0.0,0.0,0.0,0.0,0.0,0.0,0.0,0.0,-1.0,-1.0,-1000.0,-1.0,-1.0,-1.0,-1.0
45,0.0,0.0,0.0,0.0,0.0,0.0,0.0,0.0,0.0,0.0,0.0,0.0,0.0,0.0,0.0,0.0,0.0,0.0,-1.0,-1.0,-1000.0,-1.0,-1.0,-1.0,-1.0
46,0.0,0.0,0.0,0.0,0.0,0.0,0.0,0.0,0.0,0.0,0.0,0.0,0.0,0.0,0.0,0.0,0.0,0.0,-1.0,-1.0,-1000.0,-1.0,-1.0,-1.0,-1.0
47,0.0,0.0,0.0,0.0,0.0,0.0,0.0,0.0,0.0,0.0,0.0,0.0,0.0,0.0,0.0,0.0,0.0,0.0,-1.0,-1.0,-1000.0,-1.0,-1.0,-1.0,-1.0
48,0.0,0.0,0.0,0.0,0.0,0.0,0.0,0.0,0.0,0.0,0.0,0.0,0.0,0.0,0.0,0.0,0.0,0.0,-1.0,-1.0,-1000.0,-1.0,-1.0,-1.0,-1.0
49,0.0,0.0,0.0,0.0,0.0,0.0,0.0,0.0,0.0,0.0,0.0,0.0,0.0,0.0,0.0,0.0,0.0,0.0,-1.0,-1.0,-1000.0,-1.0,-1.0,-1.0,-1.0
50,0.0,0.0,0.0,0.0,0.0,0.0,0.0,0.0,0.0,0.0,0.0,0.0,0.0,0.0,0.0,0.0,0.0,0.0,-1.0,-1.0,-1000.0,-1.0,-1.0,-1.0,-1.0
51,0.0,0.0,0.0,0.0,0.0,0.0,0.0,0.0,0.0,0.0,0.0,0.0,0.0,0.0,0.0,0.0,0.0,0.0,-1.0,-1.0,-1000.0,-1.0,-1.0,-1.0,-1.0
52,0.0,0.0,0.0,0.0,0.0,0.0,0.0,0.0,0.0,0.0,0.0,0.0,0.0,0.0,0.0,0.0,0.0,0.0,-1.0,-1.0,-1000.0,-1.0,-1.0,-1.0,-1.0
53,0.0,0.0,0.0,0.0,0.0,0.0,0.0,0.0,0.0,0.0,0.0,0.0,0.0,0.0,0.0,0.0,0.0,0.0,-1.0,-1.0,-1000.0,-1.0,-1.0,-1.0,-1.0
54,0.0,0.0,0.0,0.0,0.0,0.0,0.0,0.0,0.0,0.0,0.0,0.0,0.0,0.0,0.0,0.0,0.0,0.0,-1.0,-1.0,-1000.0,-1.0,-1.0,-1.0,-1.0
55,0.0,0.0,0.0,0.0,0.0,0.0,0.0,0.0,0.0,0.0,0.0,0.0,0.0,0.0,0.0,0.0,0.0,0.0,-1.0,-1.0,-1000.0,-1.0,-1.0,-1.0,-1.0
56,0.0,0.0,0.0,0.0,0.0,0.0,0.0,0.0,0.0,0.0,0.0,0.0,0.0,0.0,0.0,0.0,0.0,0.0,-1.0,-1.0,-1000.0,-1.0,-1.0,-1.0,-1.0
57,0.0,0.0,0.0,0.0,0.0,0.0,0.0,0.0,0.0,0.0,0.0,0.0,0.0,0.0,0.0,0.0,0.0,0.0,-1.0,-1.0,-1000.0,-1.0,-1.0,-1.0,-1.0
58,0.0,0.0,0.0,0.0,0.0,0.0,0.0,0.0,0.0,0.0,0.0,0.0,0.0,0.0,0.0,0.0,0.0,0.0,-1.0,-1.0,-1000.0,-1.0,-1.0,-1.0,-1.0
59,0.0,0.0,0.0,0.0,0.0,0.0,0.0,0.0,0.0,0.0,0.0,0.0,0.0,0.0,0.0,0.0,0.0,0.0,-1.0,-1.0,-1000.0,-1.0,-1.0,-1.0,-1.0
60,0.0,0.0,0.0,0.0,0.0,0.0,0.0,0.0,0.0,0.0,0.0,0.0,0.0,0.0,0.0,0.0,0.0,0.0,-1.0,-1.0,-1000.0,-1.0,-1.0,-1.0,-1.0
61,0.0,0.0,0.0,0.0,0.0,0.0,0.0,0.0,0.0,0.0,0.0,0.0,0.0,0.0,0.0,0.0,0.0,0.0,-1.0,-1.0,-1000.0,-1.0,-1.0,-1.0,-1.0
62,0.0,0.0,0.0,0.0,0.0,0.0,0.0,0.0,0.0,0.0,0.0,0.0,0.0,0.0,0.0,0.0,0.0,0.0,-1.0,-1.0,-1000.0,-1.0,-1.0,-1.0,-1.0
63,0.0,0.0,0.0,0.0,0.0,0.0,0.0,0.0,0.0,0.0,0.0,0.0,0.0,0.0,0.0,0.0,0.0,0.0,-1.0,-1.0,-1000.0,-1.0,-1.0,-1.0,-1.0
64,0.0,0.0,0.0,0.0,0.0,0.0,0.0,0.0,0.0,0.0,0.0,0.0,0.0,0.0,0.0,0.0,0.0,0.0,-1.0,-1.0,-1000.0,-1.0,-1.0,-1.0,-1.0
65,0.0,0.0,0.0,0.0,0.0,0.0,0.0,0.0,0.0,0.0,0.0,0.0,0.0,0.0,0.0,0.0,0.0,0.0,-1.0,-1.0,-1000.0,-1.0,-1.0,-1.0,-1.0
66,0.0,0.0,0.0,0.0,0.0,0.0,0.0,0.0,0.0,0.0,0.0,0.0,0.0,0.0,0.0,0.0,0.0,0.0,-1.0,-1.0,-1000.0,-1.0,-1.0,-1.0,-1.0
67,0.0,0.0,0.0,0.0,0.0,0.0,0.0,0.0,0.0,0.0,0.0,0.0,0.0,0.0,0.0,0.0,0.0,0.0,-1.0,-1.0,-1000.0,-1.0,-1.0,-1.0,-1.0
68,0.0,0.0,0.0,0.0,0.0,0.0,0.0,0.0,0.0,0.0,0.0,0.0,0.0,0.0,0.0,0.0,0.0,0.0,-1.0,-1.0,-1000.0,-1.0,-1.0,-1.0,-1.0
69,0.0,0.0,0.0,0.0,0.0,0.0,0.0,0.0,0.0,0.0,0.0,0.0,0.0,0.0,0.0,0.0,0.0,0.0,-1.0,-1.0,-1000.0,-1.0,-1.0,-1.0,-1.0
70,0.0,0.0,0.0,0.0,0.0,0.0,0.0,0.0,0.0,0.0,0.0,0.0,0.0,0.0,0.0,0.0,0.0,0.0,-1.0,-1.0,-1000.0,-1.0,-1.0,-1.0,-1.0
71,0.0,0.0,0.0,0.0,0.0,0.0,0.0,0.0,0.0,0.0,0.0,0.0,0.0,0.0,0.0,0.0,0.0,0.0,-1.0,-1.0,-1000.0,-1.0,-1.0,-1.0,-1.0
72,0.0,0.0,0.0,0.0,0.0,0.0,0.0,0.0,0.0,0.0,0.0,0.0,0.0,0.0,0.0,0.0,0.0,0.0,-1.0,-1.0,-1000.0,-1.0,-1.0,-1.0,-1.0
73,0.0,0.0,0.0,0.0,0.0,0.0,0.0,0.0,0.0,0.0,0.0,0.0,0.0,0.0,0.0,0.0,0.0,0.0,-1.0,-1.0,-1000.0,-1.0,-1.0,-1.0,-1.0
74,0.0,0.0,0.0,0.0,0.0,0.0,0.0,0.0,0.0,0.0,0.0,0.0,0.0,0.0,0.0,0.0,0.0,0.0,-1.0,-1.0,-1000.0,-1.0,-1.0,-1.0,-1.0
75,0.0,0.0,0.0,0.0,0.0,0.0,0.0,0.0,0.0,0.0,0.0,0.0,0.0,0.0,0.0,0.0,0.0,0.0,-1.0,-1.0,-1000.0,-1.0,-1.0,-1.0,-1.0
76,0.0,0.0,0.0,0.0,0.0,0.0,0.0,0.0,0.0,0.0,0.0,0.0,0.0,0.0,0.0,0.0,0.0,0.0,-1.0,-1.0,-1000.0,-1.0,-1.0,-1.0,-1.0
77,0.0,0.0,0.0,0.0,0.0,0.0,0.0,0.0,0.0,0.0,0.0,0.0,0.0,0.0,0.0,0.0,0.0,0.0,-1.0,-1.0,-1000.0,-1.0,-1.0,-1.0,-1.0
78,0.0,0.0,0.0,0.0,0.0,0.0,0.0,0.0,0.0,0.0,0.0,0.0,0.0,0.0,0.0,0.0,0.0,0.0,-1.0,-1.0,-1000.0,-1.0,-1.0,-1.0,-1.0
79,0.0,0.0,0.0,0.0,0.0,0.0,0.0,0.0,0.0,0.0,0.0,0.0,0.0,0.0,0.0,0.0,0.0,0.0,-1.0,-1.0,-1000.0,-1.0,-1.0,-1.0,-1.0
80,0.0,0.0,0.0,0.0,0.0,0.0,0.0,0.0,0.0,0.0,0.0,0.0,0.0,0.0,0.0,0.0,0.0,0.0,-1.0,-1.0,-1000.0,-1.0,-1.0,-1.0,-1.0
81,0.0,0.0,0.0,0.0,0.0,0.0,0.0,0.0,0.0,0.0,0.0,0.0,0.0,0.0,0.0,0.0,0.0,0.0,-1.0,-1.0,-1000.0,-1.0,-1.0,-1.0,-1.0
82,0.0,0.0,0.0,0.0,0.0,0.0,0.0,0.0,0.0,0.0,0.0,0.0,0.0,0.0,0.0,0.0,0.0,0.0,-1.0,-1.0,-1000.0,-1.0,-1.0,-1.0,-1.0
83,0.0,0.0,0.0,0.0,0.0,0.0,0.0,0.0,0.0,0.0,0.0,0.0,0.0,0.0,0.0,0.0,0.0,0.0,-1.0,-1.0,-1000.0,-1.0,-1.0,-1.0,-1.0
84,0.0,0.0,0.0,0.0,0.0,0.0,0.0,0.0,0.0,0.0,0.0,0.0,0.0,0.0,0.0,0.0,0.0,0.0,-1.0,-1.0,-1000.0,-1.0,-1.0,-1.0,-1.0
85,0.0,0.0,0.0,0.0,0.0,0.0,0.0,0.0,0.0,0.0,0.0,0.0,0.0,0.0,0.0,0.0,0.0,0.0,-1.0,-1.0,-1000.0,-1.0,-1.0,-1.0,-1.0
86,0.0,0.0,0.0,0.0,0.0,0.0,0.0,0.0,0.0,0.0,0.0,0.0,0.0,0.0,0.0,0.0,0.0,0.0,-1.0,-1.0,-1000.0,-1.0,-1.0,-1.0,-1.0
87,0.0,0.0,0.0,0.0,0.0,0.0,0.0,0.0,0.0,0.0,0.0,0.0,0.0,0.0,0.0,0.0,0.0,0.0,-1.0,-1.0,-1000.0,-1.0,-1.0,-1.0,-1.0
88,0.0,0.0,0.0,0.0,0.0,0.0,0.0,0.0,0.0,0.0,0.0,0.0,0.0,0.0,0.0,0.0,0.0,0.0,-1.0,-1.0,-1000.0,-1.0,-1.0,-1.0,-1.0
89,2.0,2.0,0.286,0.286,0.0,0.0,0.0,0.0,0.0,0.0,0.0,0.0,0.0,0.0,0.0,0.0,0.0,0.0,-1.0,-1.0,-1000.0,-1.0,-1.0,-1.0,-1.0
90,0.0,2.0,0.286,0.572,0.0,0.0,0.0,0.0,0.0,0.0,0.0,0.0,0.0,0.0,0.0,0.0,0.0,0.0,-1.0,-1.0,-1000.0,-1.0,-1.0,-1.0,-1.0
91,0.0,2.0,0.286,0.8579999999999999,0.0,0.0,0.0,0.0,0.0,0.0,0.0,0.0,0.0,0.0,0.0,0.0,0.0,0.0,-1.0,-1.0,-1000.0,-1.0,-1.0,-1.0,-1.0
92,0.0,2.0,0.286,1.144,0.0,0.0,0.0,0.0,0.0,0.0,0.0,0.0,0.0,0.0,0.0,0.0,0.0,0.0,-1.0,-1.0,-1000.0,-1.0,-1.0,-1.0,-1.0
93,0.0,2.0,0.286,1.43,0.0,0.0,0.0,0.0,0.0,0.0,0.0,0.0,0.0,0.0,0.0,0.0,0.0,0.0,-1.0,-1.0,-1000.0,-1.0,-1.0,-1.0,-1.0
94,0.0,2.0,0.286,1.716,0.0,0.0,0.0,0.0,0.0,0.0,0.0,0.0,0.0,0.0,0.0,0.0,0.0,0.0,-1.0,-1.0,-1000.0,-1.0,-1.0,-1.0,-1.0
95,0.0,2.0,0.286,2.002,0.0,0.0,0.0,0.0,0.0,0.0,0.0,0.0,0.0,0.0,0.0,0.0,0.0,0.0,-1.0,-1.0,-1000.0,-1.0,-1.0,-1.0,-1.0
96,1.0,3.0,0.143,2.145,0.0,0.0,0.0,0.0,0.0,0.0,0.0,0.0,0.0,0.0,0.0,0.0,0.0,0.0,-1.0,-1.0,-1000.0,-1.0,-1.0,-1.0,-1.0
97,0.0,3.0,0.143,2.288,0.0,0.0,0.0,0.0,0.0,0.0,0.0,0.0,0.0,0.0,0.0,0.0,0.0,0.0,-1.0,-1.0,-1000.0,-1.0,-1.0,-1.0,-1.0
98,0.0,3.0,0.143,2.430999999999999,0.0,0.0,0.0,0.0,0.0,0.0,0.0,0.0,0.0,0.0,0.0,0.0,0.0,0.0,-1.0,-1.0,-1000.0,-1.0,-1.0,-1.0,-1.0
99,0.0,3.0,0.143,2.573999999999999,0.0,0.0,0.0,0.0,0.0,0.0,0.0,0.0,0.0,0.0,0.0,0.0,0.0,0.0,-1.0,-1.0,-1000.0,-1.0,-1.0,-1.0,-1.0
100,0.0,3.0,0.143,2.7169999999999987,0.0,0.0,0.0,0.0,0.0,0.0,0.0,0.0,0.0,0.0,0.0,0.0,0.0,0.0,-1.0,-1.0,-1000.0,-1.0,-1.0,-1.0,-1.0
101,0.0,3.0,0.143,2.8599999999999985,0.0,0.0,0.0,0.0,0.0,0.0,0.0,0.0,0.0,0.0,0.0,0.0,0.0,0.0,-1.0,-1.0,-1000.0,-1.0,-1.0,-1.0,-1.0
102,0.0,3.0,0.143,3.0029999999999983,0.0,0.0,0.0,0.0,0.0,0.0,0.0,0.0,0.0,0.0,0.0,0.0,0.0,0.0,-1.0,-1.0,-1000.0,-1.0,-1.0,-1.0,-1.0
103,0.0,3.0,0.0,3.0029999999999983,0.0,0.0,0.0,0.0,0.0,0.0,0.0,0.0,0.0,0.0,0.0,0.0,0.0,0.0,-1.0,-1.0,-1000.0,-1.0,-1.0,-1.0,-1.0
104,0.0,3.0,0.0,3.0029999999999983,0.0,0.0,0.0,0.0,0.0,0.0,0.0,0.0,0.0,0.0,0.0,0.0,0.0,0.0,-1.0,-1.0,-1000.0,-1.0,-1.0,-1.0,-1.0
105,0.0,3.0,0.0,3.0029999999999983,0.0,0.0,0.0,0.0,0.0,0.0,0.0,0.0,0.0,0.0,0.0,0.0,0.0,0.0,-1.0,-1.0,-1000.0,-1.0,-1.0,-1.0,-1.0
106,0.0,3.0,0.0,3.0029999999999983,0.0,0.0,0.0,0.0,0.0,0.0,0.0,0.0,0.0,0.0,0.0,0.0,0.0,0.0,-1.0,-1.0,-1000.0,-1.0,-1.0,-1.0,-1.0
107,0.0,3.0,0.0,3.0029999999999983,0.0,0.0,0.0,0.0,0.0,0.0,0.0,0.0,0.0,0.0,0.0,0.0,0.0,0.0,-1.0,-1.0,-1000.0,-1.0,-1.0,-1.0,-1.0
108,0.0,3.0,0.0,3.0029999999999983,0.0,0.0,0.0,0.0,0.0,0.0,0.0,0.0,0.0,0.0,0.0,0.0,0.0,0.0,-1.0,-1.0,-1000.0,-1.0,-1.0,-1.0,-1.0
109,0.0,3.0,0.0,3.0029999999999983,0.0,0.0,0.0,0.0,0.0,0.0,0.0,0.0,0.0,0.0,0.0,0.0,0.0,0.0,-1.0,-1.0,-1000.0,-1.0,-1.0,-1.0,-1.0
110,0.0,3.0,0.0,3.0029999999999983,0.0,0.0,0.0,0.0,0.0,0.0,0.0,0.0,0.0,0.0,0.0,0.0,0.0,0.0,-1.0,-1.0,-1000.0,-1.0,-1.0,-1.0,-1.0
111,0.0,3.0,0.0,3.0029999999999983,0.0,0.0,0.0,0.0,0.0,0.0,0.0,0.0,0.0,0.0,0.0,0.0,0.0,0.0,-1.0,-1.0,-1000.0,-1.0,-1.0,-1.0,-1.0
112,0.0,3.0,0.0,3.0029999999999983,0.0,0.0,0.0,0.0,0.0,0.0,0.0,0.0,0.0,0.0,0.0,0.0,0.0,0.0,-1.0,-1.0,-1000.0,-1.0,-1.0,-1.0,-1.0
113,0.0,3.0,0.0,3.0029999999999983,0.0,0.0,0.0,0.0,0.0,0.0,0.0,0.0,0.0,0.0,0.0,0.0,0.0,0.0,-1.0,-1.0,-1000.0,-1.0,-1.0,-1.0,-1.0
114,0.0,3.0,0.0,3.0029999999999983,0.0,0.0,0.0,0.0,0.0,0.0,0.0,0.0,0.0,0.0,0.0,0.0,0.0,0.0,-1.0,-1.0,-1000.0,-1.0,-1.0,-1.0,-1.0
115,0.0,3.0,0.0,3.0029999999999983,0.0,0.0,0.0,0.0,0.0,0.0,0.0,0.0,0.0,0.0,0.0,0.0,0.0,0.0,-1.0,-1.0,-1000.0,-1.0,-1.0,-1.0,-1.0
116,0.0,3.0,0.0,3.0029999999999983,0.0,0.0,0.0,0.0,0.0,0.0,0.0,0.0,0.0,0.0,0.0,0.0,0.0,0.0,-1.0,-1.0,-1000.0,-1.0,-1.0,-1.0,-1.0
117,3.0,6.0,0.429,3.431999999999998,1.0,1.0,0.143,0.143,0.0,0.0,0.0,0.0,0.0,0.0,0.0,0.0,0.0,0.0,-1.0,-1.0,-1000.0,-1.0,-1.0,-1.0,-1.0
118,0.0,6.0,0.429,3.860999999999998,0.0,1.0,0.143,0.286,0.0,0.0,0.0,0.0,0.0,0.0,0.0,0.0,0.0,0.0,-1.0,-1.0,-1000.0,-1.0,-1.0,-1.0,-1.0
119,0.0,6.0,0.429,4.289999999999998,0.0,1.0,0.143,0.4289999999999999,0.0,0.0,0.0,0.0,0.0,0.0,0.0,0.0,0.0,0.0,-1.0,-1.0,-1000.0,-1.0,-1.0,-1.0,-1.0
120,0.0,6.0,0.429,4.718999999999999,0.0,1.0,0.143,0.572,0.0,0.0,0.0,0.0,0.0,0.0,0.0,0.0,0.0,0.0,-1.0,-1.0,-1000.0,-1.0,-1.0,-1.0,-1.0
121,0.0,6.0,0.429,5.147999999999999,0.0,1.0,0.143,0.715,0.0,0.0,0.0,0.0,0.0,0.0,0.0,0.0,0.0,0.0,-1.0,-1.0,-1000.0,-1.0,-1.0,-1.0,-1.0
122,0.0,6.0,0.429,5.576999999999999,0.0,1.0,0.143,0.858,0.0,0.0,0.0,0.0,0.0,0.0,0.0,0.0,0.0,0.0,-1.0,-1.0,-1000.0,-1.0,-1.0,-1.0,-1.0
123,0.0,6.0,0.429,6.005999999999999,0.0,1.0,0.143,1.001,0.0,0.0,0.0,0.0,0.0,0.0,0.0,0.0,0.0,0.0,-1.0,-1.0,-1000.0,-1.0,-1.0,-1.0,-1.0
124,0.0,6.0,0.0,6.005999999999999,0.0,1.0,0.0,1.001,0.0,0.0,0.0,0.0,0.0,0.0,0.0,0.0,0.0,0.0,-1.0,-1.0,-1000.0,-1.0,-1.0,-1.0,-1.0
125,0.0,6.0,0.0,6.005999999999999,0.0,1.0,0.0,1.001,0.0,0.0,0.0,0.0,0.0,0.0,0.0,0.0,0.0,0.0,-1.0,-1.0,-1000.0,-1.0,-1.0,-1.0,-1.0
126,0.0,6.0,0.0,6.005999999999999,0.0,1.0,0.0,1.001,0.0,0.0,0.0,0.0,0.0,0.0,0.0,0.0,0.0,0.0,-1.0,-1.0,-1000.0,-1.0,-1.0,-1.0,-1.0
127,0.0,6.0,0.0,6.005999999999999,0.0,1.0,0.0,1.001,0.0,0.0,0.0,0.0,0.0,0.0,0.0,0.0,0.0,0.0,-1.0,-1.0,-1000.0,-1.0,-1.0,-1.0,-1.0
128,0.0,6.0,0.0,6.005999999999999,0.0,1.0,0.0,1.001,0.0,0.0,0.0,0.0,0.0,0.0,0.0,0.0,0.0,0.0,-1.0,-1.0,-1000.0,-1.0,-1.0,-1.0,-1.0
129,0.0,6.0,0.0,6.005999999999999,0.0,1.0,0.0,1.001,0.0,0.0,0.0,0.0,0.0,0.0,0.0,0.0,0.0,0.0,-1.0,-1.0,-1000.0,-1.0,-1.0,-1.0,-1.0
130,0.0,6.0,0.0,6.005999999999999,0.0,1.0,0.0,1.001,0.0,0.0,0.0,0.0,0.0,0.0,0.0,0.0,0.0,0.0,-1.0,-1.0,-1000.0,-1.0,-1.0,-1.0,-1.0
131,1.0,7.0,0.143,6.148999999999999,0.0,1.0,0.0,1.001,0.0,0.0,0.0,0.0,0.0,0.0,0.0,0.0,0.0,0.0,-1.0,-1.0,-1000.0,-1.0,-1.0,-1.0,-1.0
132,0.0,7.0,0.143,6.291999999999999,0.0,1.0,0.0,1.001,0.0,0.0,0.0,0.0,0.0,0.0,0.0,0.0,0.0,0.0,-1.0,-1.0,-1000.0,-1.0,-1.0,-1.0,-1.0
133,0.0,7.0,0.143,6.434999999999999,0.0,1.0,0.0,1.001,0.0,0.0,0.0,0.0,0.0,0.0,0.0,0.0,0.0,0.0,-1.0,-1.0,-1000.0,-1.0,-1.0,-1.0,-1.0
134,0.0,7.0,0.143,6.577999999999999,0.0,1.0,0.0,1.001,0.0,0.0,0.0,0.0,0.0,0.0,0.0,0.0,0.0,0.0,-1.0,-1.0,-1000.0,-1.0,-1.0,-1.0,-1.0
135,0.0,7.0,0.143,6.720999999999998,0.0,1.0,0.0,1.001,0.0,0.0,0.0,0.0,0.0,0.0,0.0,0.0,0.0,0.0,-1.0,-1.0,-1000.0,-1.0,-1.0,-1.0,-1.0
136,0.0,7.0,0.143,6.863999999999998,0.0,1.0,0.0,1.001,0.0,0.0,0.0,0.0,0.0,0.0,0.0,0.0,0.0,0.0,-1.0,-1.0,-1000.0,-1.0,-1.0,-1.0,-1.0
137,0.0,7.0,0.143,7.006999999999998,0.0,1.0,0.0,1.001,0.0,0.0,0.0,0.0,0.0,0.0,0.0,0.0,0.0,0.0,-1.0,-1.0,-1000.0,-1.0,-1.0,-1.0,-1.0
138,1.0,8.0,0.143,7.149999999999998,0.0,1.0,0.0,1.001,0.0,0.0,0.0,0.0,0.0,0.0,0.0,0.0,0.0,0.0,-1.0,-1.0,-1000.0,-1.0,-1.0,-1.0,-1.0
139,0.0,8.0,0.143,7.292999999999997,0.0,1.0,0.0,1.001,0.0,0.0,0.0,0.0,0.0,0.0,0.0,0.0,0.0,0.0,-1.0,-1.0,-1000.0,-1.0,-1.0,-1.0,-1.0
140,0.0,8.0,0.143,7.435999999999997,0.0,1.0,0.0,1.001,0.0,0.0,0.0,0.0,0.0,0.0,0.0,0.0,0.0,0.0,-1.0,-1.0,-1000.0,-1.0,-1.0,-1.0,-1.0
141,0.0,8.0,0.143,7.578999999999997,0.0,1.0,0.0,1.001,0.0,0.0,0.0,0.0,0.0,0.0,0.0,0.0,0.0,0.0,-1.0,-1.0,-1000.0,-1.0,-1.0,-1.0,-1.0
142,0.0,8.0,0.143,7.721999999999997,0.0,1.0,0.0,1.001,0.0,0.0,0.0,0.0,0.0,0.0,0.0,0.0,0.0,0.0,-1.0,-1.0,-1000.0,-1.0,-1.0,-1.0,-1.0
143,0.0,8.0,0.143,7.864999999999997,0.0,1.0,0.0,1.001,0.0,0.0,0.0,0.0,0.0,0.0,0.0,0.0,0.0,0.0,-1.0,-1.0,-1000.0,-1.0,-1.0,-1.0,-1.0
144,0.0,8.0,0.143,8.007999999999997,0.0,1.0,0.0,1.001,0.0,0.0,0.0,0.0,0.0,0.0,0.0,0.0,0.0,0.0,-1.0,-1.0,-1000.0,-1.0,-1.0,-1.0,-1.0
145,0.0,8.0,0.0,8.007999999999997,0.0,1.0,0.0,1.001,0.0,0.0,0.0,0.0,0.0,0.0,0.0,0.0,0.0,0.0,-1.0,-1.0,-1000.0,-1.0,-1.0,-1.0,-1.0
146,0.0,8.0,0.0,8.007999999999997,0.0,1.0,0.0,1.001,0.0,0.0,0.0,0.0,0.0,0.0,0.0,0.0,0.0,0.0,-1.0,-1.0,-1000.0,-1.0,-1.0,-1.0,-1.0
147,0.0,8.0,0.0,8.007999999999997,0.0,1.0,0.0,1.001,0.0,0.0,0.0,0.0,0.0,0.0,0.0,0.0,0.0,0.0,-1.0,-1.0,-1000.0,-1.0,-1.0,-1.0,-1.0
148,0.0,8.0,0.0,8.007999999999997,0.0,1.0,0.0,1.001,0.0,0.0,0.0,0.0,0.0,0.0,0.0,0.0,0.0,0.0,-1.0,-1.0,-1000.0,-1.0,-1.0,-1.0,-1.0
149,0.0,8.0,0.0,8.007999999999997,0.0,1.0,0.0,1.001,0.0,0.0,0.0,0.0,0.0,0.0,0.0,0.0,0.0,0.0,-1.0,-1.0,-1000.0,-1.0,-1.0,-1.0,-1.0
150,0.0,8.0,0.0,8.007999999999997,0.0,1.0,0.0,1.001,0.0,0.0,0.0,0.0,0.0,0.0,0.0,0.0,0.0,0.0,-1.0,-1.0,-1000.0,-1.0,-1.0,-1.0,-1.0
151,0.0,8.0,0.0,8.007999999999997,0.0,1.0,0.0,1.001,0.0,0.0,0.0,0.0,0.0,0.0,0.0,0.0,0.0,0.0,-1.0,-1.0,-1000.0,-1.0,-1.0,-1.0,-1.0
152,0.0,8.0,0.0,8.007999999999997,0.0,1.0,0.0,1.001,0.0,0.0,0.0,0.0,0.0,0.0,0.0,0.0,0.0,0.0,-1.0,-1.0,-1000.0,-1.0,-1.0,-1.0,-1.0
153,0.0,8.0,0.0,8.007999999999997,0.0,1.0,0.0,1.001,0.0,0.0,0.0,0.0,0.0,0.0,0.0,0.0,0.0,0.0,-1.0,-1.0,-1000.0,-1.0,-1.0,-1.0,-1.0
154,0.0,8.0,0.0,8.007999999999997,0.0,1.0,0.0,1.001,0.0,0.0,0.0,0.0,0.0,0.0,0.0,0.0,0.0,0.0,-1.0,-1.0,-1000.0,-1.0,-1.0,-1.0,-1.0
155,0.0,8.0,0.0,8.007999999999997,0.0,1.0,0.0,1.001,0.0,0.0,0.0,0.0,0.0,0.0,0.0,0.0,0.0,0.0,-1.0,-1.0,-1000.0,-1.0,-1.0,-1.0,-1.0
156,0.0,8.0,0.0,8.007999999999997,0.0,1.0,0.0,1.001,0.0,0.0,0.0,0.0,0.0,0.0,0.0,0.0,0.0,0.0,-1.0,-1.0,-1000.0,-1.0,-1.0,-1.0,-1.0
157,0.0,8.0,0.0,8.007999999999997,0.0,1.0,0.0,1.001,0.0,0.0,0.0,0.0,0.0,0.0,0.0,0.0,0.0,0.0,-1.0,-1.0,-1000.0,-1.0,-1.0,-1.0,-1.0
158,0.0,8.0,0.0,8.007999999999997,0.0,1.0,0.0,1.001,0.0,0.0,0.0,0.0,0.0,0.0,0.0,0.0,0.0,0.0,-1.0,-1.0,-1000.0,-1.0,-1.0,-1.0,-1.0
159,0.0,8.0,0.0,8.007999999999997,0.0,1.0,0.0,1.001,0.0,0.0,0.0,0.0,0.0,0.0,0.0,0.0,0.0,0.0,-1.0,-1.0,-1000.0,-1.0,-1.0,-1.0,-1.0
160,0.0,8.0,0.0,8.007999999999997,0.0,1.0,0.0,1.001,0.0,0.0,0.0,0.0,0.0,0.0,0.0,0.0,0.0,0.0,-1.0,-1.0,-1000.0,-1.0,-1.0,-1.0,-1.0
161,0.0,8.0,0.0,8.007999999999997,0.0,1.0,0.0,1.001,0.0,0.0,0.0,0.0,0.0,0.0,0.0,0.0,0.0,0.0,-1.0,-1.0,-1000.0,-1.0,-1.0,-1.0,-1.0
162,0.0,8.0,0.0,8.007999999999997,0.0,1.0,0.0,1.001,0.0,0.0,0.0,0.0,0.0,0.0,0.0,0.0,0.0,0.0,-1.0,-1.0,-1000.0,-1.0,-1.0,-1.0,-1.0
163,0.0,8.0,0.0,8.007999999999997,0.0,1.0,0.0,1.001,0.0,0.0,0.0,0.0,0.0,0.0,0.0,0.0,0.0,0.0,-1.0,-1.0,-1000.0,-1.0,-1.0,-1.0,-1.0
164,0.0,8.0,0.0,8.007999999999997,0.0,1.0,0.0,1.001,0.0,0.0,0.0,0.0,0.0,0.0,0.0,0.0,0.0,0.0,-1.0,-1.0,-1000.0,-1.0,-1.0,-1.0,-1.0
165,0.0,8.0,0.0,8.007999999999997,0.0,1.0,0.0,1.001,0.0,0.0,0.0,0.0,0.0,0.0,0.0,0.0,0.0,0.0,-1.0,-1.0,-1000.0,-1.0,-1.0,-1.0,-1.0
166,0.0,8.0,0.0,8.007999999999997,0.0,1.0,0.0,1.001,0.0,0.0,0.0,0.0,0.0,0.0,0.0,0.0,0.0,0.0,-1.0,-1.0,-1000.0,-1.0,-1.0,-1.0,-1.0
167,0.0,8.0,0.0,8.007999999999997,0.0,1.0,0.0,1.001,0.0,0.0,0.0,0.0,0.0,0.0,0.0,0.0,0.0,0.0,-1.0,-1.0,-1000.0,-1.0,-1.0,-1.0,-1.0
168,0.0,8.0,0.0,8.007999999999997,0.0,1.0,0.0,1.001,0.0,0.0,0.0,0.0,0.0,0.0,0.0,0.0,0.0,0.0,-1.0,-1.0,-1000.0,-1.0,-1.0,-1.0,-1.0
169,0.0,8.0,0.0,8.007999999999997,0.0,1.0,0.0,1.001,0.0,0.0,0.0,0.0,0.0,0.0,0.0,0.0,0.0,0.0,-1.0,-1.0,-1000.0,-1.0,-1.0,-1.0,-1.0
170,0.0,8.0,0.0,8.007999999999997,0.0,1.0,0.0,1.001,0.0,0.0,0.0,0.0,0.0,0.0,0.0,0.0,0.0,0.0,-1.0,-1.0,-1000.0,-1.0,-1.0,-1.0,-1.0
171,0.0,8.0,0.0,8.007999999999997,0.0,1.0,0.0,1.001,0.0,0.0,0.0,0.0,0.0,0.0,0.0,0.0,0.0,0.0,-1.0,-1.0,-1000.0,-1.0,-1.0,-1.0,-1.0
172,0.0,8.0,0.0,8.007999999999997,0.0,1.0,0.0,1.001,0.0,0.0,0.0,0.0,0.0,0.0,0.0,0.0,0.0,0.0,-1.0,-1.0,-1000.0,-1.0,-1.0,-1.0,-1.0
173,0.0,8.0,0.0,8.007999999999997,0.0,1.0,0.0,1.001,0.0,0.0,0.0,0.0,0.0,0.0,0.0,0.0,0.0,0.0,-1.0,-1.0,-1000.0,-1.0,-1.0,-1.0,-1.0
174,0.0,8.0,0.0,8.007999999999997,0.0,1.0,0.0,1.001,0.0,0.0,0.0,0.0,0.0,0.0,0.0,0.0,0.0,0.0,-1.0,-1.0,-1000.0,-1.0,-1.0,-1.0,-1.0
175,0.0,8.0,0.0,8.007999999999997,0.0,1.0,0.0,1.001,0.0,0.0,0.0,0.0,0.0,0.0,0.0,0.0,0.0,0.0,-1.0,-1.0,-1000.0,-1.0,-1.0,-1.0,-1.0
176,0.0,8.0,0.0,8.007999999999997,0.0,1.0,0.0,1.001,0.0,0.0,0.0,0.0,0.0,0.0,0.0,0.0,0.0,0.0,-1.0,-1.0,-1000.0,-1.0,-1.0,-1.0,-1.0
177,0.0,8.0,0.0,8.007999999999997,0.0,1.0,0.0,1.001,0.0,0.0,0.0,0.0,0.0,0.0,0.0,0.0,0.0,0.0,-1.0,-1.0,-1000.0,-1.0,-1.0,-1.0,-1.0
178,0.0,8.0,0.0,8.007999999999997,0.0,1.0,0.0,1.001,0.0,0.0,0.0,0.0,0.0,0.0,0.0,0.0,0.0,0.0,-1.0,-1.0,-1000.0,-1.0,-1.0,-1.0,-1.0
179,0.0,8.0,0.0,8.007999999999997,0.0,1.0,0.0,1.001,0.0,0.0,0.0,0.0,0.0,0.0,0.0,0.0,0.0,0.0,-1.0,-1.0,-1000.0,-1.0,-1.0,-1.0,-1.0
180,0.0,8.0,0.0,8.007999999999997,0.0,1.0,0.0,1.001,0.0,0.0,0.0,0.0,0.0,0.0,0.0,0.0,0.0,0.0,-1.0,-1.0,-1000.0,-1.0,-1.0,-1.0,-1.0
181,0.0,8.0,0.0,8.007999999999997,0.0,1.0,0.0,1.001,0.0,0.0,0.0,0.0,0.0,0.0,0.0,0.0,0.0,0.0,-1.0,-1.0,-1000.0,-1.0,-1.0,-1.0,-1.0
182,0.0,8.0,0.0,8.007999999999997,0.0,1.0,0.0,1.001,0.0,0.0,0.0,0.0,0.0,0.0,0.0,0.0,0.0,0.0,-1.0,-1.0,-1000.0,-1.0,-1.0,-1.0,-1.0
183,0.0,8.0,0.0,8.007999999999997,0.0,1.0,0.0,1.001,0.0,0.0,0.0,0.0,0.0,0.0,0.0,0.0,0.0,0.0,-1.0,-1.0,-1000.0,-1.0,-1.0,-1.0,-1.0
184,0.0,8.0,0.0,8.007999999999997,0.0,1.0,0.0,1.001,0.0,0.0,0.0,0.0,0.0,0.0,0.0,0.0,0.0,0.0,-1.0,-1.0,-1000.0,-1.0,-1.0,-1.0,-1.0
185,0.0,8.0,0.0,8.007999999999997,0.0,1.0,0.0,1.001,0.0,0.0,0.0,0.0,0.0,0.0,0.0,0.0,0.0,0.0,-1.0,-1.0,-1000.0,-1.0,-1.0,-1.0,-1.0
186,0.0,8.0,0.0,8.007999999999997,0.0,1.0,0.0,1.001,0.0,0.0,0.0,0.0,0.0,0.0,0.0,0.0,0.0,0.0,-1.0,-1.0,-1000.0,-1.0,-1.0,-1.0,-1.0
187,0.0,8.0,0.0,8.007999999999997,0.0,1.0,0.0,1.001,0.0,0.0,0.0,0.0,0.0,0.0,0.0,0.0,0.0,0.0,-1.0,-1.0,-1000.0,-1.0,-1.0,-1.0,-1.0
188,0.0,8.0,0.0,8.007999999999997,0.0,1.0,0.0,1.001,0.0,0.0,0.0,0.0,0.0,0.0,0.0,0.0,0.0,0.0,-1.0,-1.0,-1000.0,-1.0,-1.0,-1.0,-1.0
189,0.0,8.0,0.0,8.007999999999997,0.0,1.0,0.0,1.001,0.0,0.0,0.0,0.0,0.0,0.0,0.0,0.0,0.0,0.0,-1.0,-1.0,-1000.0,-1.0,-1.0,-1.0,-1.0
190,0.0,8.0,0.0,8.007999999999997,0.0,1.0,0.0,1.001,0.0,0.0,0.0,0.0,0.0,0.0,0.0,0.0,0.0,0.0,-1.0,-1.0,-1000.0,-1.0,-1.0,-1.0,-1.0
191,0.0,8.0,0.0,8.007999999999997,0.0,1.0,0.0,1.001,0.0,0.0,0.0,0.0,0.0,0.0,0.0,0.0,0.0,0.0,-1.0,-1.0,-1000.0,-1.0,-1.0,-1.0,-1.0
192,0.0,8.0,0.0,8.007999999999997,0.0,1.0,0.0,1.001,0.0,0.0,0.0,0.0,0.0,0.0,0.0,0.0,0.0,0.0,-1.0,-1.0,-1000.0,-1.0,-1.0,-1.0,-1.0
193,0.0,8.0,0.0,8.007999999999997,0.0,1.0,0.0,1.001,0.0,0.0,0.0,0.0,0.0,0.0,0.0,0.0,0.0,0.0,-1.0,-1.0,-1000.0,-1.0,-1.0,-1.0,-1.0
194,0.0,8.0,0.0,8.007999999999997,0.0,1.0,0.0,1.001,0.0,0.0,0.0,0.0,0.0,0.0,0.0,0.0,0.0,0.0,-1.0,-1.0,-1000.0,-1.0,-1.0,-1.0,-1.0
195,0.0,8.0,0.0,8.007999999999997,0.0,1.0,0.0,1.001,0.0,0.0,0.0,0.0,0.0,0.0,0.0,0.0,0.0,0.0,-1.0,-1.0,-1000.0,-1.0,-1.0,-1.0,-1.0
196,0.0,8.0,0.0,8.007999999999997,0.0,1.0,0.0,1.001,0.0,0.0,0.0,0.0,0.0,0.0,0.0,0.0,0.0,0.0,-1.0,-1.0,-1000.0,-1.0,-1.0,-1.0,-1.0
197,0.0,8.0,0.0,8.007999999999997,0.0,1.0,0.0,1.001,0.0,0.0,0.0,0.0,0.0,0.0,0.0,0.0,0.0,0.0,-1.0,-1.0,-1000.0,-1.0,-1.0,-1.0,-1.0
198,0.0,8.0,0.0,8.007999999999997,0.0,1.0,0.0,1.001,0.0,0.0,0.0,0.0,0.0,0.0,0.0,0.0,0.0,0.0,-1.0,-1.0,-1000.0,-1.0,-1.0,-1.0,-1.0
199,0.0,8.0,0.0,8.007999999999997,0.0,1.0,0.0,1.001,0.0,0.0,0.0,0.0,0.0,0.0,0.0,0.0,0.0,0.0,-1.0,-1.0,-1000.0,-1.0,-1.0,-1.0,-1.0
200,0.0,8.0,0.0,8.007999999999997,0.0,1.0,0.0,1.001,0.0,0.0,0.0,0.0,0.0,0.0,0.0,0.0,0.0,0.0,-1.0,-1.0,-1000.0,-1.0,-1.0,-1.0,-1.0
201,0.0,8.0,0.0,8.007999999999997,0.0,1.0,0.0,1.001,0.0,0.0,0.0,0.0,0.0,0.0,0.0,0.0,0.0,0.0,-1.0,-1.0,-1000.0,-1.0,-1.0,-1.0,-1.0
202,0.0,8.0,0.0,8.007999999999997,0.0,1.0,0.0,1.001,0.0,0.0,0.0,0.0,0.0,0.0,0.0,0.0,0.0,0.0,-1.0,-1.0,-1000.0,-1.0,-1.0,-1.0,-1.0
203,0.0,8.0,0.0,8.007999999999997,0.0,1.0,0.0,1.001,0.0,0.0,0.0,0.0,0.0,0.0,0.0,0.0,0.0,0.0,-1.0,-1.0,-1000.0,-1.0,-1.0,-1.0,-1.0
204,0.0,8.0,0.0,8.007999999999997,0.0,1.0,0.0,1.001,0.0,0.0,0.0,0.0,0.0,0.0,0.0,0.0,0.0,0.0,-1.0,-1.0,-1000.0,-1.0,-1.0,-1.0,-1.0
205,0.0,8.0,0.0,8.007999999999997,0.0,1.0,0.0,1.001,0.0,0.0,0.0,0.0,0.0,0.0,0.0,0.0,0.0,0.0,-1.0,-1.0,-1000.0,-1.0,-1.0,-1.0,-1.0
206,0.0,8.0,0.0,8.007999999999997,0.0,1.0,0.0,1.001,0.0,0.0,0.0,0.0,0.0,0.0,0.0,0.0,0.0,0.0,-1.0,-1.0,-1000.0,-1.0,-1.0,-1.0,-1.0
207,0.0,8.0,0.0,8.007999999999997,0.0,1.0,0.0,1.001,0.0,0.0,0.0,0.0,0.0,0.0,0.0,0.0,0.0,0.0,-1.0,-1.0,-1000.0,-1.0,-1.0,-1.0,-1.0
208,0.0,8.0,0.0,8.007999999999997,0.0,1.0,0.0,1.001,0.0,0.0,0.0,0.0,0.0,0.0,0.0,0.0,0.0,0.0,-1.0,-1.0,-1000.0,-1.0,-1.0,-1.0,-1.0
209,0.0,8.0,0.0,8.007999999999997,0.0,1.0,0.0,1.001,0.0,0.0,0.0,0.0,0.0,0.0,0.0,0.0,0.0,0.0,-1.0,-1.0,-1000.0,-1.0,-1.0,-1.0,-1.0
210,0.0,8.0,0.0,8.007999999999997,0.0,1.0,0.0,1.001,0.0,0.0,0.0,0.0,0.0,0.0,0.0,0.0,0.0,0.0,-1.0,-1.0,-1000.0,-1.0,-1.0,-1.0,-1.0
211,0.0,8.0,0.0,8.007999999999997,0.0,1.0,0.0,1.001,0.0,0.0,0.0,0.0,0.0,0.0,0.0,0.0,0.0,0.0,-1.0,-1.0,-1000.0,-1.0,-1.0,-1.0,-1.0
212,0.0,8.0,0.0,8.007999999999997,0.0,1.0,0.0,1.001,0.0,0.0,0.0,0.0,0.0,0.0,0.0,0.0,0.0,0.0,-1.0,-1.0,-1000.0,-1.0,-1.0,-1.0,-1.0
213,0.0,8.0,0.0,8.007999999999997,0.0,1.0,0.0,1.001,0.0,0.0,0.0,0.0,0.0,0.0,0.0,0.0,0.0,0.0,-1.0,-1.0,-1000.0,-1.0,-1.0,-1.0,-1.0
214,0.0,8.0,0.0,8.007999999999997,0.0,1.0,0.0,1.001,0.0,0.0,0.0,0.0,0.0,0.0,0.0,0.0,0.0,0.0,-1.0,-1.0,-1000.0,-1.0,-1.0,-1.0,-1.0
215,0.0,8.0,0.0,8.007999999999997,0.0,1.0,0.0,1.001,0.0,0.0,0.0,0.0,0.0,0.0,0.0,0.0,0.0,0.0,-1.0,-1.0,-1000.0,-1.0,-1.0,-1.0,-1.0
216,0.0,8.0,0.0,8.007999999999997,0.0,1.0,0.0,1.001,0.0,0.0,0.0,0.0,0.0,0.0,0.0,0.0,0.0,0.0,-1.0,-1.0,-1000.0,-1.0,-1.0,-1.0,-1.0
217,0.0,8.0,0.0,8.007999999999997,0.0,1.0,0.0,1.001,0.0,0.0,0.0,0.0,0.0,0.0,0.0,0.0,0.0,0.0,-1.0,-1.0,-1000.0,-1.0,-1.0,-1.0,-1.0
218,0.0,8.0,0.0,8.007999999999997,0.0,1.0,0.0,1.001,0.0,0.0,0.0,0.0,0.0,0.0,0.0,0.0,0.0,0.0,-1.0,-1.0,-1000.0,-1.0,-1.0,-1.0,-1.0
219,0.0,8.0,0.0,8.007999999999997,0.0,1.0,0.0,1.001,0.0,0.0,0.0,0.0,0.0,0.0,0.0,0.0,0.0,0.0,-1.0,-1.0,-1000.0,-1.0,-1.0,-1.0,-1.0
220,0.0,8.0,0.0,8.007999999999997,0.0,1.0,0.0,1.001,0.0,0.0,0.0,0.0,0.0,0.0,0.0,0.0,0.0,0.0,-1.0,-1.0,-1000.0,-1.0,-1.0,-1.0,-1.0
221,0.0,8.0,0.0,8.007999999999997,0.0,1.0,0.0,1.001,0.0,0.0,0.0,0.0,0.0,0.0,0.0,0.0,0.0,0.0,-1.0,-1.0,-1000.0,-1.0,-1.0,-1.0,-1.0
222,1.0,9.0,0.143,8.150999999999998,0.0,1.0,0.0,1.001,0.0,0.0,0.0,0.0,0.0,0.0,0.0,0.0,0.0,0.0,-1.0,-1.0,-1000.0,-1.0,-1.0,-1.0,-1.0
223,0.0,9.0,0.143,8.293999999999999,0.0,1.0,0.0,1.001,0.0,0.0,0.0,0.0,0.0,0.0,0.0,0.0,0.0,0.0,-1.0,-1.0,-1000.0,-1.0,-1.0,-1.0,-1.0
224,0.0,9.0,0.143,8.437,0.0,1.0,0.0,1.001,0.0,0.0,0.0,0.0,0.0,0.0,0.0,0.0,0.0,0.0,-1.0,-1.0,-1000.0,-1.0,-1.0,-1.0,-1.0
225,0.0,9.0,0.143,8.58,0.0,1.0,0.0,1.001,0.0,0.0,0.0,0.0,0.0,0.0,0.0,0.0,0.0,0.0,-1.0,-1.0,-1000.0,-1.0,-1.0,-1.0,-1.0
226,0.0,9.0,0.143,8.723,0.0,1.0,0.0,1.001,0.0,0.0,0.0,0.0,0.0,0.0,0.0,0.0,0.0,0.0,-1.0,-1.0,-1000.0,-1.0,-1.0,-1.0,-1.0
227,0.0,9.0,0.143,8.866000000000001,0.0,1.0,0.0,1.001,0.0,0.0,0.0,0.0,0.0,0.0,0.0,0.0,0.0,0.0,-1.0,-1.0,-1000.0,-1.0,-1.0,-1.0,-1.0
228,0.0,9.0,0.143,9.009000000000002,0.0,1.0,0.0,1.001,0.0,0.0,0.0,0.0,0.0,0.0,0.0,0.0,0.0,0.0,-1.0,-1.0,-1000.0,-1.0,-1.0,-1.0,-1.0
229,0.0,9.0,0.0,9.009000000000002,0.0,1.0,0.0,1.001,0.0,0.0,0.0,0.0,0.0,0.0,0.0,0.0,0.0,0.0,-1.0,-1.0,-1000.0,-1.0,-1.0,-1.0,-1.0
230,0.0,9.0,0.0,9.009000000000002,0.0,1.0,0.0,1.001,0.0,0.0,0.0,0.0,0.0,0.0,0.0,0.0,0.0,0.0,-1.0,-1.0,-1000.0,-1.0,-1.0,-1.0,-1.0
231,0.0,9.0,0.0,9.009000000000002,0.0,1.0,0.0,1.001,0.0,0.0,0.0,0.0,0.0,0.0,0.0,0.0,0.0,0.0,-1.0,-1.0,-1000.0,-1.0,-1.0,-1.0,-1.0
232,0.0,9.0,0.0,9.009000000000002,0.0,1.0,0.0,1.001,0.0,0.0,0.0,0.0,0.0,0.0,0.0,0.0,0.0,0.0,-1.0,-1.0,-1000.0,-1.0,-1.0,-1.0,-1.0
233,0.0,9.0,0.0,9.009000000000002,0.0,1.0,0.0,1.001,0.0,0.0,0.0,0.0,0.0,0.0,0.0,0.0,0.0,0.0,-1.0,-1.0,-1000.0,-1.0,-1.0,-1.0,-1.0
234,0.0,9.0,0.0,9.009000000000002,0.0,1.0,0.0,1.001,0.0,0.0,0.0,0.0,0.0,0.0,0.0,0.0,0.0,0.0,-1.0,-1.0,-1000.0,-1.0,-1.0,-1.0,-1.0
235,0.0,9.0,0.0,9.009000000000002,0.0,1.0,0.0,1.001,0.0,0.0,0.0,0.0,0.0,0.0,0.0,0.0,0.0,0.0,-1.0,-1.0,-1000.0,-1.0,-1.0,-1.0,-1.0
236,12.0,21.0,1.714,10.723000000000004,0.0,1.0,0.0,1.001,0.0,0.0,0.0,0.0,0.0,0.0,0.0,0.0,0.0,0.0,-1.0,-1.0,-1000.0,-1.0,-1.0,-1.0,-1.0
237,0.0,21.0,1.714,12.437000000000005,0.0,1.0,0.0,1.001,0.0,0.0,0.0,0.0,0.0,0.0,0.0,0.0,0.0,0.0,-1.0,-1.0,-1000.0,-1.0,-1.0,-1.0,-1.0
238,0.0,21.0,1.714,14.151000000000003,0.0,1.0,0.0,1.001,0.0,0.0,0.0,0.0,0.0,0.0,0.0,0.0,0.0,0.0,-1.0,-1.0,-1000.0,-1.0,-1.0,-1.0,-1.0
239,0.0,21.0,1.714,15.865000000000004,0.0,1.0,0.0,1.001,0.0,0.0,0.0,0.0,0.0,0.0,0.0,0.0,0.0,0.0,-1.0,-1.0,-1000.0,-1.0,-1.0,-1.0,-1.0
240,0.0,21.0,1.714,17.579000000000004,0.0,1.0,0.0,1.001,0.0,0.0,0.0,0.0,0.0,0.0,0.0,0.0,0.0,0.0,-1.0,-1.0,-1000.0,-1.0,-1.0,-1.0,-1.0
241,0.0,21.0,1.714,19.293000000000003,0.0,1.0,0.0,1.001,0.0,0.0,0.0,0.0,0.0,0.0,0.0,0.0,0.0,0.0,-1.0,-1.0,-1000.0,-1.0,-1.0,-1.0,-1.0
242,0.0,21.0,1.714,21.007,0.0,1.0,0.0,1.001,0.0,0.0,0.0,0.0,0.0,0.0,0.0,0.0,0.0,0.0,-1.0,-1.0,-1000.0,-1.0,-1.0,-1.0,-1.0
243,14.0,35.0,2.0,23.007,0.0,1.0,0.0,1.001,0.0,0.0,0.0,0.0,0.0,0.0,0.0,0.0,0.0,0.0,-1.0,-1.0,-1000.0,-1.0,-1.0,-1.0,-1.0
244,0.0,35.0,2.0,25.007,0.0,1.0,0.0,1.001,0.0,0.0,0.0,0.0,0.0,0.0,0.0,0.0,0.0,0.0,-1.0,-1.0,-1000.0,-1.0,-1.0,-1.0,-1.0
245,0.0,35.0,2.0,27.007,0.0,1.0,0.0,1.001,0.0,0.0,0.0,0.0,0.0,0.0,0.0,0.0,0.0,0.0,-1.0,-1.0,-1000.0,-1.0,-1.0,-1.0,-1.0
246,0.0,35.0,2.0,29.007,0.0,1.0,0.0,1.001,0.0,0.0,0.0,0.0,0.0,0.0,0.0,0.0,0.0,0.0,-1.0,-1.0,-1000.0,-1.0,-1.0,-1.0,-1.0
247,0.0,35.0,2.0,31.007,0.0,1.0,0.0,1.001,0.0,0.0,0.0,0.0,0.0,0.0,0.0,0.0,0.0,0.0,-1.0,-1.0,-1000.0,-1.0,-1.0,-1.0,-1.0
248,0.0,35.0,2.0,33.007000000000005,0.0,1.0,0.0,1.001,0.0,0.0,0.0,0.0,0.0,0.0,0.0,0.0,0.0,0.0,-1.0,-1.0,-1000.0,-1.0,-1.0,-1.0,-1.0
249,0.0,35.0,2.0,35.007000000000005,0.0,1.0,0.0,1.001,0.0,0.0,0.0,0.0,0.0,0.0,0.0,0.0,0.0,0.0,-1.0,-1.0,-1000.0,-1.0,-1.0,-1.0,-1.0
250,28.0,63.0,4.0,39.007000000000005,0.0,1.0,0.0,1.001,0.0,0.0,0.0,0.0,0.0,0.0,0.0,0.0,0.0,0.0,-1.0,-1.0,-1000.0,-1.0,-1.0,-1.0,-1.0
251,0.0,63.0,4.0,43.007000000000005,0.0,1.0,0.0,1.001,0.0,0.0,0.0,0.0,0.0,0.0,0.0,0.0,0.0,0.0,-1.0,-1.0,-1000.0,-1.0,-1.0,-1.0,-1.0
252,0.0,63.0,4.0,47.007000000000005,0.0,1.0,0.0,1.001,0.0,0.0,0.0,0.0,0.0,0.0,0.0,0.0,0.0,0.0,-1.0,-1.0,-1000.0,-1.0,-1.0,-1.0,-1.0
253,0.0,63.0,4.0,51.007000000000005,0.0,1.0,0.0,1.001,0.0,0.0,0.0,0.0,0.0,0.0,0.0,0.0,0.0,0.0,-1.0,-1.0,-1000.0,-1.0,-1.0,-1.0,-1.0
254,0.0,63.0,4.0,55.007000000000005,0.0,1.0,0.0,1.001,0.0,0.0,0.0,0.0,0.0,0.0,0.0,0.0,0.0,0.0,-1.0,-1.0,-1000.0,-1.0,-1.0,-1.0,-1.0
255,0.0,63.0,4.0,59.007000000000005,0.0,1.0,0.0,1.001,0.0,0.0,0.0,0.0,0.0,0.0,0.0,0.0,0.0,0.0,-1.0,-1.0,-1000.0,-1.0,-1.0,-1.0,-1.0
256,0.0,63.0,4.0,63.007000000000005,0.0,1.0,0.0,1.001,0.0,0.0,0.0,0.0,0.0,0.0,0.0,0.0,0.0,0.0,-1.0,-1.0,-1000.0,-1.0,-1.0,-1.0,-1.0
257,3.0,66.0,0.429,63.43600000000001,0.0,1.0,0.0,1.001,0.0,0.0,0.0,0.0,0.0,0.0,0.0,0.0,0.0,0.0,-1.0,-1.0,-1000.0,-1.0,-1.0,-1.0,-1.0
258,0.0,66.0,0.429,63.86500000000001,0.0,1.0,0.0,1.001,0.0,0.0,0.0,0.0,0.0,0.0,0.0,0.0,0.0,0.0,-1.0,-1.0,-1000.0,-1.0,-1.0,-1.0,-1.0
259,0.0,66.0,0.429,64.29400000000001,0.0,1.0,0.0,1.001,0.0,0.0,0.0,0.0,0.0,0.0,0.0,0.0,0.0,0.0,-1.0,-1.0,-1000.0,-1.0,-1.0,-1.0,-1.0
260,0.0,66.0,0.429,64.72300000000001,0.0,1.0,0.0,1.001,0.0,0.0,0.0,0.0,0.0,0.0,0.0,0.0,0.0,0.0,-1.0,-1.0,-1000.0,-1.0,-1.0,-1.0,-1.0
261,0.0,66.0,0.429,65.15200000000002,0.0,1.0,0.0,1.001,0.0,0.0,0.0,0.0,0.0,0.0,0.0,0.0,0.0,0.0,-1.0,-1.0,-1000.0,-1.0,-1.0,-1.0,-1.0
262,0.0,66.0,0.429,65.58100000000002,0.0,1.0,0.0,1.001,0.0,0.0,0.0,0.0,0.0,0.0,0.0,0.0,0.0,0.0,-1.0,-1.0,-1000.0,-1.0,-1.0,-1.0,-1.0
263,0.0,66.0,0.429,66.01000000000002,0.0,1.0,0.0,1.001,0.0,0.0,0.0,0.0,0.0,0.0,0.0,0.0,0.0,0.0,-1.0,-1.0,-1000.0,-1.0,-1.0,-1.0,-1.0
264,5.0,71.0,0.714,66.72400000000002,0.0,1.0,0.0,1.001,0.0,0.0,0.0,0.0,0.0,0.0,0.0,0.0,0.0,0.0,-1.0,-1.0,-1000.0,-1.0,-1.0,-1.0,-1.0
265,0.0,71.0,0.714,67.43800000000002,0.0,1.0,0.0,1.001,0.0,0.0,0.0,0.0,0.0,0.0,0.0,0.0,0.0,0.0,-1.0,-1.0,-1000.0,-1.0,-1.0,-1.0,-1.0
266,0.0,71.0,0.714,68.15200000000002,0.0,1.0,0.0,1.001,0.0,0.0,0.0,0.0,0.0,0.0,0.0,0.0,0.0,0.0,-1.0,-1.0,-1000.0,-1.0,-1.0,-1.0,-1.0
267,0.0,71.0,0.714,68.86600000000001,0.0,1.0,0.0,1.001,0.0,0.0,0.0,0.0,0.0,0.0,0.0,0.0,0.0,0.0,-1.0,-1.0,-1000.0,-1.0,-1.0,-1.0,-1.0
268,0.0,71.0,0.714,69.58000000000001,0.0,1.0,0.0,1.001,0.0,0.0,0.0,0.0,0.0,0.0,0.0,0.0,0.0,0.0,-1.0,-1.0,-1000.0,-1.0,-1.0,-1.0,-1.0
269,0.0,71.0,0.714,70.29400000000001,0.0,1.0,0.0,1.001,0.0,0.0,0.0,0.0,0.0,0.0,0.0,0.0,0.0,0.0,-1.0,-1.0,-1000.0,-1.0,-1.0,-1.0,-1.0
270,0.0,71.0,0.714,71.00800000000001,0.0,1.0,0.0,1.001,0.0,0.0,0.0,0.0,0.0,0.0,0.0,0.0,0.0,0.0,-1.0,-1.0,-1000.0,-1.0,-1.0,-1.0,-1.0
271,0.0,71.0,0.0,71.00800000000001,0.0,1.0,0.0,1.001,0.0,0.0,0.0,0.0,0.0,0.0,0.0,0.0,0.0,0.0,-1.0,-1.0,-1000.0,-1.0,-1.0,-1.0,-1.0
272,0.0,71.0,0.0,71.00800000000001,0.0,1.0,0.0,1.001,0.0,0.0,0.0,0.0,0.0,0.0,0.0,0.0,0.0,0.0,-1.0,-1.0,-1000.0,-1.0,-1.0,-1.0,-1.0
273,0.0,71.0,0.0,71.00800000000001,0.0,1.0,0.0,1.001,0.0,0.0,0.0,0.0,0.0,0.0,0.0,0.0,0.0,0.0,-1.0,-1.0,-1000.0,-1.0,-1.0,-1.0,-1.0
274,0.0,71.0,0.0,71.00800000000001,0.0,1.0,0.0,1.001,0.0,0.0,0.0,0.0,0.0,0.0,0.0,0.0,0.0,0.0,-1.0,-1.0,-1000.0,-1.0,-1.0,-1.0,-1.0
275,0.0,71.0,0.0,71.00800000000001,0.0,1.0,0.0,1.001,0.0,0.0,0.0,0.0,0.0,0.0,0.0,0.0,0.0,0.0,-1.0,-1.0,-1000.0,-1.0,-1.0,-1.0,-1.0
276,0.0,71.0,0.0,71.00800000000001,0.0,1.0,0.0,1.001,0.0,0.0,0.0,0.0,0.0,0.0,0.0,0.0,0.0,0.0,-1.0,-1.0,-1000.0,-1.0,-1.0,-1.0,-1.0
277,0.0,71.0,0.0,71.00800000000001,0.0,1.0,0.0,1.001,0.0,0.0,0.0,0.0,0.0,0.0,0.0,0.0,0.0,0.0,-1.0,-1.0,-1000.0,-1.0,-1.0,-1.0,-1.0
278,0.0,71.0,0.0,71.00800000000001,0.0,1.0,0.0,1.001,0.0,0.0,0.0,0.0,0.0,0.0,0.0,0.0,0.0,0.0,-1.0,-1.0,-1000.0,-1.0,-1.0,-1.0,-1.0
279,0.0,71.0,0.0,71.00800000000001,0.0,1.0,0.0,1.001,0.0,0.0,0.0,0.0,0.0,0.0,0.0,0.0,0.0,0.0,-1.0,-1.0,-1000.0,-1.0,-1.0,-1.0,-1.0
280,0.0,71.0,0.0,71.00800000000001,0.0,1.0,0.0,1.001,0.0,0.0,0.0,0.0,0.0,0.0,0.0,0.0,0.0,0.0,-1.0,-1.0,-1000.0,-1.0,-1.0,-1.0,-1.0
281,0.0,71.0,0.0,71.00800000000001,0.0,1.0,0.0,1.001,0.0,0.0,0.0,0.0,0.0,0.0,0.0,0.0,0.0,0.0,-1.0,-1.0,-1000.0,-1.0,-1.0,-1.0,-1.0
282,0.0,71.0,0.0,71.00800000000001,0.0,1.0,0.0,1.001,0.0,0.0,0.0,0.0,0.0,0.0,0.0,0.0,0.0,0.0,-1.0,-1.0,-1000.0,-1.0,-1.0,-1.0,-1.0
283,0.0,71.0,0.0,71.00800000000001,0.0,1.0,0.0,1.001,0.0,0.0,0.0,0.0,0.0,0.0,0.0,0.0,0.0,0.0,-1.0,-1.0,-1000.0,-1.0,-1.0,-1.0,-1.0
284,0.0,71.0,0.0,71.00800000000001,0.0,1.0,0.0,1.001,0.0,0.0,0.0,0.0,0.0,0.0,0.0,0.0,0.0,0.0,-1.0,-1.0,-1000.0,-1.0,-1.0,-1.0,-1.0
285,0.0,71.0,0.0,71.00800000000001,0.0,1.0,0.0,1.001,0.0,0.0,0.0,0.0,0.0,0.0,0.0,0.0,0.0,0.0,-1.0,-1.0,-1000.0,-1.0,-1.0,-1.0,-1.0
286,0.0,71.0,0.0,71.00800000000001,0.0,1.0,0.0,1.001,0.0,0.0,0.0,0.0,0.0,0.0,0.0,0.0,0.0,0.0,-1.0,-1.0,-1000.0,-1.0,-1.0,-1.0,-1.0
287,0.0,71.0,0.0,71.00800000000001,0.0,1.0,0.0,1.001,0.0,0.0,0.0,0.0,0.0,0.0,0.0,0.0,0.0,0.0,-1.0,-1.0,-1000.0,-1.0,-1.0,-1.0,-1.0
288,0.0,71.0,0.0,71.00800000000001,0.0,1.0,0.0,1.001,0.0,0.0,0.0,0.0,0.0,0.0,0.0,0.0,0.0,0.0,-1.0,-1.0,-1000.0,-1.0,-1.0,-1.0,-1.0
289,0.0,71.0,0.0,71.00800000000001,0.0,1.0,0.0,1.001,0.0,0.0,0.0,0.0,0.0,0.0,0.0,0.0,0.0,0.0,-1.0,-1.0,-1000.0,-1.0,-1.0,-1.0,-1.0
290,0.0,71.0,0.0,71.00800000000001,0.0,1.0,0.0,1.001,0.0,0.0,0.0,0.0,0.0,0.0,0.0,0.0,0.0,0.0,-1.0,-1.0,-1000.0,-1.0,-1.0,-1.0,-1.0
291,0.0,71.0,0.0,71.00800000000001,0.0,1.0,0.0,1.001,0.0,0.0,0.0,0.0,0.0,0.0,0.0,0.0,0.0,0.0,-1.0,-1.0,-1000.0,-1.0,-1.0,-1.0,-1.0
292,1.0,72.0,0.143,71.15100000000001,0.0,1.0,0.0,1.001,0.0,0.0,0.0,0.0,0.0,0.0,0.0,0.0,0.0,0.0,-1.0,-1.0,-1000.0,-1.0,-1.0,-1.0,-1.0
293,0.0,72.0,0.143,71.29400000000001,0.0,1.0,0.0,1.001,0.0,0.0,0.0,0.0,0.0,0.0,0.0,0.0,0.0,0.0,-1.0,-1.0,-1000.0,-1.0,-1.0,-1.0,-1.0
294,0.0,72.0,0.143,71.43700000000001,0.0,1.0,0.0,1.001,0.0,0.0,0.0,0.0,0.0,0.0,0.0,0.0,0.0,0.0,-1.0,-1.0,-1000.0,-1.0,-1.0,-1.0,-1.0
295,0.0,72.0,0.143,71.58000000000001,0.0,1.0,0.0,1.001,0.0,0.0,0.0,0.0,0.0,0.0,0.0,0.0,0.0,0.0,-1.0,-1.0,-1000.0,-1.0,-1.0,-1.0,-1.0
296,0.0,72.0,0.143,71.72300000000001,0.0,1.0,0.0,1.001,0.0,0.0,0.0,0.0,0.0,0.0,0.0,0.0,0.0,0.0,-1.0,-1.0,-1000.0,-1.0,-1.0,-1.0,-1.0
297,0.0,72.0,0.143,71.86600000000001,0.0,1.0,0.0,1.001,0.0,0.0,0.0,0.0,0.0,0.0,0.0,0.0,0.0,0.0,-1.0,-1.0,-1000.0,-1.0,-1.0,-1.0,-1.0
298,0.0,72.0,0.143,72.00900000000001,0.0,1.0,0.0,1.001,0.0,0.0,0.0,0.0,0.0,0.0,0.0,0.0,0.0,0.0,-1.0,-1.0,-1000.0,-1.0,-1.0,-1.0,-1.0
299,0.0,72.0,0.0,72.00900000000001,0.0,1.0,0.0,1.001,0.0,0.0,0.0,0.0,0.0,0.0,0.0,0.0,0.0,0.0,-1.0,-1.0,-1000.0,-1.0,-1.0,-1.0,-1.0
300,0.0,72.0,0.0,72.00900000000001,0.0,1.0,0.0,1.001,0.0,0.0,0.0,0.0,0.0,0.0,0.0,0.0,0.0,0.0,-1.0,-1.0,-1000.0,-1.0,-1.0,-1.0,-1.0
301,0.0,72.0,0.0,72.00900000000001,0.0,1.0,0.0,1.001,0.0,0.0,0.0,0.0,0.0,0.0,0.0,0.0,0.0,0.0,-1.0,-1.0,-1000.0,-1.0,-1.0,-1.0,-1.0
302,0.0,72.0,0.0,72.00900000000001,0.0,1.0,0.0,1.001,0.0,0.0,0.0,0.0,0.0,0.0,0.0,0.0,0.0,0.0,-1.0,-1.0,-1000.0,-1.0,-1.0,-1.0,-1.0
303,0.0,72.0,0.0,72.00900000000001,0.0,1.0,0.0,1.001,0.0,0.0,0.0,0.0,0.0,0.0,0.0,0.0,0.0,0.0,-1.0,-1.0,-1000.0,-1.0,-1.0,-1.0,-1.0
304,0.0,72.0,0.0,72.00900000000001,0.0,1.0,0.0,1.001,0.0,0.0,0.0,0.0,0.0,0.0,0.0,0.0,0.0,0.0,-1.0,-1.0,-1000.0,-1.0,-1.0,-1.0,-1.0
305,0.0,72.0,0.0,72.00900000000001,0.0,1.0,0.0,1.001,0.0,0.0,0.0,0.0,0.0,0.0,0.0,0.0,0.0,0.0,-1.0,-1.0,-1000.0,-1.0,-1.0,-1.0,-1.0
306,0.0,72.0,0.0,72.00900000000001,0.0,1.0,0.0,1.001,0.0,0.0,0.0,0.0,0.0,0.0,0.0,0.0,0.0,0.0,-1.0,-1.0,-1000.0,-1.0,-1.0,-1.0,-1.0
307,0.0,72.0,0.0,72.00900000000001,0.0,1.0,0.0,1.001,0.0,0.0,0.0,0.0,0.0,0.0,0.0,0.0,0.0,0.0,-1.0,-1.0,-1000.0,-1.0,-1.0,-1.0,-1.0
308,0.0,72.0,0.0,72.00900000000001,0.0,1.0,0.0,1.001,0.0,0.0,0.0,0.0,0.0,0.0,0.0,0.0,0.0,0.0,-1.0,-1.0,-1000.0,-1.0,-1.0,-1.0,-1.0
309,0.0,72.0,0.0,72.00900000000001,0.0,1.0,0.0,1.001,0.0,0.0,0.0,0.0,0.0,0.0,0.0,0.0,0.0,0.0,-1.0,-1.0,-1000.0,-1.0,-1.0,-1.0,-1.0
310,0.0,72.0,0.0,72.00900000000001,0.0,1.0,0.0,1.001,0.0,0.0,0.0,0.0,0.0,0.0,0.0,0.0,0.0,0.0,-1.0,-1.0,-1000.0,-1.0,-1.0,-1.0,-1.0
311,0.0,72.0,0.0,72.00900000000001,0.0,1.0,0.0,1.001,0.0,0.0,0.0,0.0,0.0,0.0,0.0,0.0,0.0,0.0,-1.0,-1.0,-1000.0,-1.0,-1.0,-1.0,-1.0
312,0.0,72.0,0.0,72.00900000000001,0.0,1.0,0.0,1.001,0.0,0.0,0.0,0.0,0.0,0.0,0.0,0.0,0.0,0.0,-1.0,-1.0,-1000.0,-1.0,-1.0,-1.0,-1.0
313,0.0,72.0,0.0,72.00900000000001,0.0,1.0,0.0,1.001,0.0,0.0,0.0,0.0,0.0,0.0,0.0,0.0,0.0,0.0,-1.0,-1.0,-1000.0,-1.0,-1.0,-1.0,-1.0
314,0.0,72.0,0.0,72.00900000000001,0.0,1.0,0.0,1.001,0.0,0.0,0.0,0.0,0.0,0.0,0.0,0.0,0.0,0.0,-1.0,-1.0,-1000.0,-1.0,-1.0,-1.0,-1.0
315,0.0,72.0,0.0,72.00900000000001,0.0,1.0,0.0,1.001,0.0,0.0,0.0,0.0,0.0,0.0,0.0,0.0,0.0,0.0,-1.0,-1.0,-1000.0,-1.0,-1.0,-1.0,-1.0
316,0.0,72.0,0.0,72.00900000000001,0.0,1.0,0.0,1.001,0.0,0.0,0.0,0.0,0.0,0.0,0.0,0.0,0.0,0.0,-1.0,-1.0,-1000.0,-1.0,-1.0,-1.0,-1.0
317,0.0,72.0,0.0,72.00900000000001,0.0,1.0,0.0,1.001,0.0,0.0,0.0,0.0,0.0,0.0,0.0,0.0,0.0,0.0,-1.0,-1.0,-1000.0,-1.0,-1.0,-1.0,-1.0
318,0.0,72.0,0.0,72.00900000000001,0.0,1.0,0.0,1.001,0.0,0.0,0.0,0.0,0.0,0.0,0.0,0.0,0.0,0.0,-1.0,-1.0,-1000.0,-1.0,-1.0,-1.0,-1.0
319,0.0,72.0,0.0,72.00900000000001,0.0,1.0,0.0,1.001,0.0,0.0,0.0,0.0,0.0,0.0,0.0,0.0,0.0,0.0,-1.0,-1.0,-1000.0,-1.0,-1.0,-1.0,-1.0
320,0.0,72.0,0.0,72.00900000000001,0.0,1.0,0.0,1.001,0.0,0.0,0.0,0.0,0.0,0.0,0.0,0.0,0.0,0.0,-1.0,-1.0,-1000.0,-1.0,-1.0,-1.0,-1.0
321,0.0,72.0,0.0,72.00900000000001,0.0,1.0,0.0,1.001,0.0,0.0,0.0,0.0,0.0,0.0,0.0,0.0,0.0,0.0,-1.0,-1.0,-1000.0,-1.0,-1.0,-1.0,-1.0
322,0.0,72.0,0.0,72.00900000000001,0.0,1.0,0.0,1.001,0.0,0.0,0.0,0.0,0.0,0.0,0.0,0.0,0.0,0.0,-1.0,-1.0,-1000.0,-1.0,-1.0,-1.0,-1.0
323,0.0,72.0,0.0,72.00900000000001,0.0,1.0,0.0,1.001,0.0,0.0,0.0,0.0,0.0,0.0,0.0,0.0,0.0,0.0,-1.0,-1.0,-1000.0,-1.0,-1.0,-1.0,-1.0
324,0.0,72.0,0.0,72.00900000000001,0.0,1.0,0.0,1.001,0.0,0.0,0.0,0.0,0.0,0.0,0.0,0.0,0.0,0.0,-1.0,-1.0,-1000.0,-1.0,-1.0,-1.0,-1.0
325,0.0,72.0,0.0,72.00900000000001,0.0,1.0,0.0,1.001,0.0,0.0,0.0,0.0,0.0,0.0,0.0,0.0,0.0,0.0,-1.0,-1.0,-1000.0,-1.0,-1.0,-1.0,-1.0
326,0.0,72.0,0.0,72.00900000000001,0.0,1.0,0.0,1.001,0.0,0.0,0.0,0.0,0.0,0.0,0.0,0.0,0.0,0.0,-1.0,-1.0,-1000.0,-1.0,-1.0,-1.0,-1.0
327,0.0,72.0,0.0,72.00900000000001,0.0,1.0,0.0,1.001,0.0,0.0,0.0,0.0,0.0,0.0,0.0,0.0,0.0,0.0,-1.0,-1.0,-1000.0,-1.0,-1.0,-1.0,-1.0
328,0.0,72.0,0.0,72.00900000000001,0.0,1.0,0.0,1.001,0.0,0.0,0.0,0.0,0.0,0.0,0.0,0.0,0.0,0.0,-1.0,-1.0,-1000.0,-1.0,-1.0,-1.0,-1.0
329,0.0,72.0,0.0,72.00900000000001,0.0,1.0,0.0,1.001,0.0,0.0,0.0,0.0,0.0,0.0,0.0,0.0,0.0,0.0,-1.0,-1.0,-1000.0,-1.0,-1.0,-1.0,-1.0
330,0.0,72.0,0.0,72.00900000000001,0.0,1.0,0.0,1.001,0.0,0.0,0.0,0.0,0.0,0.0,0.0,0.0,0.0,0.0,-1.0,-1.0,-1000.0,-1.0,-1.0,-1.0,-1.0
331,0.0,72.0,0.0,72.00900000000001,0.0,1.0,0.0,1.001,0.0,0.0,0.0,0.0,0.0,0.0,0.0,0.0,0.0,0.0,-1.0,-1.0,-1000.0,-1.0,-1.0,-1.0,-1.0
332,0.0,72.0,0.0,72.00900000000001,0.0,1.0,0.0,1.001,0.0,0.0,0.0,0.0,0.0,0.0,0.0,0.0,0.0,0.0,-1.0,-1.0,-1000.0,-1.0,-1.0,-1.0,-1.0
333,0.0,72.0,0.0,72.00900000000001,0.0,1.0,0.0,1.001,0.0,0.0,0.0,0.0,0.0,0.0,0.0,0.0,0.0,0.0,-1.0,-1.0,-1000.0,-1.0,-1.0,-1.0,-1.0
334,0.0,72.0,0.0,72.00900000000001,0.0,1.0,0.0,1.001,0.0,0.0,0.0,0.0,0.0,0.0,0.0,0.0,0.0,0.0,-1.0,-1.0,-1000.0,-1.0,-1.0,-1.0,-1.0
335,0.0,72.0,0.0,72.00900000000001,0.0,1.0,0.0,1.001,0.0,0.0,0.0,0.0,0.0,0.0,0.0,0.0,0.0,0.0,-1.0,-1.0,-1000.0,-1.0,-1.0,-1.0,-1.0
336,0.0,72.0,0.0,72.00900000000001,0.0,1.0,0.0,1.001,0.0,0.0,0.0,0.0,0.0,0.0,0.0,0.0,0.0,0.0,-1.0,-1.0,-1000.0,-1.0,-1.0,-1.0,-1.0
337,0.0,72.0,0.0,72.00900000000001,0.0,1.0,0.0,1.001,0.0,0.0,0.0,0.0,0.0,0.0,0.0,0.0,0.0,0.0,-1.0,-1.0,-1000.0,-1.0,-1.0,-1.0,-1.0
338,0.0,72.0,0.0,72.00900000000001,0.0,1.0,0.0,1.001,0.0,0.0,0.0,0.0,0.0,0.0,0.0,0.0,0.0,0.0,-1.0,-1.0,-1000.0,-1.0,-1.0,-1.0,-1.0
339,0.0,72.0,0.0,72.00900000000001,0.0,1.0,0.0,1.001,0.0,0.0,0.0,0.0,0.0,0.0,0.0,0.0,0.0,0.0,-1.0,-1.0,-1000.0,-1.0,-1.0,-1.0,-1.0
340,0.0,72.0,0.0,72.00900000000001,0.0,1.0,0.0,1.001,0.0,0.0,0.0,0.0,0.0,0.0,0.0,0.0,0.0,0.0,-1.0,-1.0,-1000.0,-1.0,-1.0,-1.0,-1.0
341,1.0,73.0,0.143,72.15200000000002,0.0,1.0,0.0,1.001,0.0,0.0,0.0,0.0,0.0,0.0,0.0,0.0,0.0,0.0,-1.0,-1.0,-1000.0,-1.0,-1.0,-1.0,-1.0
342,0.0,73.0,0.143,72.29500000000002,0.0,1.0,0.0,1.001,0.0,0.0,0.0,0.0,0.0,0.0,0.0,0.0,0.0,0.0,-1.0,-1.0,-1000.0,-1.0,-1.0,-1.0,-1.0
343,0.0,73.0,0.143,72.43800000000002,0.0,1.0,0.0,1.001,0.0,0.0,0.0,0.0,0.0,0.0,0.0,0.0,0.0,0.0,-1.0,-1.0,-1000.0,-1.0,-1.0,-1.0,-1.0
344,0.0,73.0,0.143,72.58100000000002,0.0,1.0,0.0,1.001,0.0,0.0,0.0,0.0,0.0,0.0,0.0,0.0,0.0,0.0,-1.0,-1.0,-1000.0,-1.0,-1.0,-1.0,-1.0
345,0.0,73.0,0.143,72.72400000000002,0.0,1.0,0.0,1.001,0.0,0.0,0.0,0.0,0.0,0.0,0.0,0.0,0.0,0.0,-1.0,-1.0,-1000.0,-1.0,-1.0,-1.0,-1.0
346,0.0,73.0,0.143,72.86700000000002,0.0,1.0,0.0,1.001,0.0,0.0,0.0,0.0,0.0,0.0,0.0,0.0,0.0,0.0,-1.0,-1.0,-1000.0,-1.0,-1.0,-1.0,-1.0
347,0.0,73.0,0.143,73.01000000000002,0.0,1.0,0.0,1.001,0.0,0.0,0.0,0.0,0.0,0.0,0.0,0.0,0.0,0.0,-1.0,-1.0,-1000.0,-1.0,-1.0,-1.0,-1.0
348,3.0,76.0,0.429,73.43900000000002,0.0,1.0,0.0,1.001,0.0,0.0,0.0,0.0,0.0,0.0,0.0,0.0,0.0,0.0,-1.0,-1.0,-1000.0,-1.0,-1.0,-1.0,-1.0
349,0.0,76.0,0.429,73.86800000000002,0.0,1.0,0.0,1.001,0.0,0.0,0.0,0.0,0.0,0.0,0.0,0.0,0.0,0.0,-1.0,-1.0,-1000.0,-1.0,-1.0,-1.0,-1.0
350,0.0,76.0,0.429,74.29700000000003,0.0,1.0,0.0,1.001,0.0,0.0,0.0,0.0,0.0,0.0,0.0,0.0,0.0,0.0,-1.0,-1.0,-1000.0,-1.0,-1.0,-1.0,-1.0
351,0.0,76.0,0.429,74.72600000000003,0.0,1.0,0.0,1.001,0.0,0.0,0.0,0.0,0.0,0.0,0.0,0.0,0.0,0.0,-1.0,-1.0,-1000.0,-1.0,-1.0,-1.0,-1.0
352,0.0,76.0,0.429,75.15500000000003,0.0,1.0,0.0,1.001,0.0,0.0,0.0,0.0,0.0,0.0,0.0,0.0,0.0,0.0,-1.0,-1.0,-1000.0,-1.0,-1.0,-1.0,-1.0
353,0.0,76.0,0.429,75.58400000000003,0.0,1.0,0.0,1.001,0.0,0.0,0.0,0.0,0.0,0.0,0.0,0.0,0.0,0.0,-1.0,-1.0,-1000.0,-1.0,-1.0,-1.0,-1.0
354,0.0,76.0,0.429,76.01300000000003,0.0,1.0,0.0,1.001,0.0,0.0,0.0,0.0,0.0,0.0,0.0,0.0,0.0,0.0,-1.0,-1.0,-1000.0,-1.0,-1.0,-1.0,-1.0
355,10.0,86.0,1.429,77.44200000000004,0.0,1.0,0.0,1.001,0.0,0.0,0.0,0.0,0.0,0.0,0.0,0.0,0.0,0.0,-1.0,-1.0,-1000.0,-1.0,-1.0,-1.0,-1.0
356,0.0,86.0,1.429,78.87100000000004,0.0,1.0,0.0,1.001,0.0,0.0,0.0,0.0,0.0,0.0,0.0,0.0,0.0,0.0,-1.0,-1.0,-1000.0,-1.0,-1.0,-1.0,-1.0
357,0.0,86.0,1.429,80.30000000000004,0.0,1.0,0.0,1.001,0.0,0.0,0.0,0.0,0.0,0.0,0.0,0.0,0.0,0.0,-1.0,-1.0,-1000.0,-1.0,-1.0,-1.0,-1.0
358,0.0,86.0,1.429,81.72900000000004,0.0,1.0,0.0,1.001,0.0,0.0,0.0,0.0,0.0,0.0,0.0,0.0,0.0,0.0,-1.0,-1.0,-1000.0,-1.0,-1.0,-1.0,-1.0
359,0.0,86.0,1.429,83.15800000000004,0.0,1.0,0.0,1.001,0.0,0.0,0.0,0.0,0.0,0.0,0.0,0.0,0.0,0.0,-1.0,-1.0,-1000.0,-1.0,-1.0,-1.0,-1.0
360,0.0,86.0,1.429,84.58700000000005,0.0,1.0,0.0,1.001,0.0,0.0,0.0,0.0,0.0,0.0,0.0,0.0,0.0,0.0,-1.0,-1.0,-1000.0,-1.0,-1.0,-1.0,-1.0
361,0.0,86.0,1.429,86.01600000000005,0.0,1.0,0.0,1.001,0.0,0.0,0.0,0.0,0.0,0.0,0.0,0.0,0.0,0.0,-1.0,-1.0,-1000.0,-1.0,-1.0,-1.0,-1.0
362,7.0,93.0,1.0,87.01600000000005,0.0,1.0,0.0,1.001,0.0,0.0,0.0,0.0,0.0,0.0,0.0,0.0,0.0,0.0,-1.0,-1.0,-1000.0,-1.0,-1.0,-1.0,-1.0
363,0.0,93.0,1.0,88.01600000000005,0.0,1.0,0.0,1.001,0.0,0.0,0.0,0.0,0.0,0.0,0.0,0.0,0.0,0.0,-1.0,-1.0,-1000.0,-1.0,-1.0,-1.0,-1.0
364,0.0,93.0,1.0,89.01600000000005,0.0,1.0,0.0,1.001,0.0,0.0,0.0,0.0,0.0,0.0,0.0,0.0,0.0,0.0,-1.0,-1.0,-1000.0,-1.0,-1.0,-1.0,-1.0
365,0.0,93.0,1.0,90.01600000000005,0.0,1.0,0.0,1.001,0.0,0.0,0.0,0.0,0.0,0.0,0.0,0.0,0.0,0.0,-1.0,-1.0,-1000.0,-1.0,-1.0,-1.0,-1.0
366,0.0,93.0,1.0,91.01600000000003,0.0,1.0,0.0,1.001,0.0,0.0,0.0,0.0,0.0,0.0,0.0,0.0,0.0,0.0,-1.0,-1.0,-1000.0,-1.0,-1.0,-1.0,-1.0
367,0.0,93.0,1.0,92.01600000000003,0.0,1.0,0.0,1.001,0.0,0.0,0.0,0.0,0.0,0.0,0.0,0.0,0.0,0.0,-1.0,-1.0,-1000.0,-1.0,-1.0,-1.0,-1.0
368,0.0,93.0,1.0,93.01600000000003,0.0,1.0,0.0,1.001,0.0,0.0,0.0,0.0,0.0,0.0,0.0,0.0,0.0,0.0,-1.0,-1.0,-1000.0,-1.0,-1.0,-1.0,-1.0
369,0.0,93.0,0.0,93.01600000000003,0.0,1.0,0.0,1.001,0.0,0.0,0.0,0.0,0.0,0.0,0.0,0.0,0.0,0.0,-1.0,-1.0,-1000.0,-1.0,-1.0,-1.0,-1.0
370,0.0,93.0,0.0,93.01600000000003,0.0,1.0,0.0,1.001,0.0,0.0,0.0,0.0,0.0,0.0,0.0,0.0,0.0,0.0,-1.0,-1.0,-1000.0,-1.0,-1.0,-1.0,-1.0
371,0.0,93.0,0.0,93.01600000000003,0.0,1.0,0.0,1.001,0.0,0.0,0.0,0.0,0.0,0.0,0.0,0.0,0.0,0.0,-1.0,-1.0,-1000.0,-1.0,-1.0,-1.0,-1.0
372,0.0,93.0,0.0,93.01600000000003,0.0,1.0,0.0,1.001,0.0,0.0,0.0,0.0,0.0,0.0,0.0,0.0,0.0,0.0,-1.0,-1.0,-1000.0,-1.0,-1.0,-1.0,-1.0
373,0.0,93.0,0.0,93.01600000000003,0.0,1.0,0.0,1.001,0.0,0.0,0.0,0.0,0.0,0.0,0.0,0.0,0.0,0.0,-1.0,-1.0,-1000.0,-1.0,-1.0,-1.0,-1.0
374,0.0,93.0,0.0,93.01600000000003,0.0,1.0,0.0,1.001,0.0,0.0,0.0,0.0,0.0,0.0,0.0,0.0,0.0,0.0,-1.0,-1.0,-1000.0,-1.0,-1.0,-1.0,-1.0
375,0.0,93.0,0.0,93.01600000000003,0.0,1.0,0.0,1.001,0.0,0.0,0.0,0.0,0.0,0.0,0.0,0.0,0.0,0.0,-1.0,-1.0,-1000.0,-1.0,-1.0,-1.0,-1.0
376,21.0,114.0,3.0,96.01600000000003,0.0,1.0,0.0,1.001,0.0,0.0,0.0,0.0,0.0,0.0,0.0,0.0,0.0,0.0,-1.0,-1.0,-1000.0,-1.0,-1.0,-1.0,-1.0
377,0.0,114.0,3.0,99.01600000000003,0.0,1.0,0.0,1.001,0.0,0.0,0.0,0.0,0.0,0.0,0.0,0.0,0.0,0.0,-1.0,-1.0,-1000.0,-1.0,-1.0,-1.0,-1.0
378,0.0,114.0,3.0,102.01600000000003,0.0,1.0,0.0,1.001,0.0,0.0,0.0,0.0,0.0,0.0,0.0,0.0,0.0,0.0,-1.0,-1.0,-1000.0,-1.0,-1.0,-1.0,-1.0
379,0.0,114.0,3.0,105.01600000000003,0.0,1.0,0.0,1.001,0.0,0.0,0.0,0.0,0.0,0.0,0.0,0.0,0.0,0.0,-1.0,-1.0,-1000.0,-1.0,-1.0,-1.0,-1.0
380,0.0,114.0,3.0,108.01600000000003,0.0,1.0,0.0,1.001,0.0,0.0,0.0,0.0,0.0,0.0,0.0,0.0,0.0,0.0,-1.0,-1.0,-1000.0,-1.0,-1.0,-1.0,-1.0
381,0.0,114.0,3.0,111.01600000000003,0.0,1.0,0.0,1.001,0.0,0.0,0.0,0.0,0.0,0.0,0.0,0.0,0.0,0.0,-1.0,-1.0,-1000.0,-1.0,-1.0,-1.0,-1.0
382,0.0,114.0,3.0,114.01600000000003,0.0,1.0,0.0,1.001,0.0,0.0,0.0,0.0,0.0,0.0,0.0,0.0,0.0,0.0,-1.0,-1.0,-1000.0,-1.0,-1.0,-1.0,-1.0
383,7.0,121.0,1.0,115.01600000000003,0.0,1.0,0.0,1.001,0.0,0.0,0.0,0.0,0.0,0.0,0.0,0.0,0.0,0.0,-1.0,-1.0,-1000.0,-1.0,-1.0,-1.0,-1.0
384,0.0,121.0,1.0,116.01600000000003,0.0,1.0,0.0,1.001,0.0,0.0,0.0,0.0,0.0,0.0,0.0,0.0,0.0,0.0,-1.0,-1.0,-1000.0,-1.0,-1.0,-1.0,-1.0
385,0.0,121.0,1.0,117.01600000000003,0.0,1.0,0.0,1.001,0.0,0.0,0.0,0.0,0.0,0.0,0.0,0.0,0.0,0.0,-1.0,-1.0,-1000.0,-1.0,-1.0,-1.0,-1.0
386,0.0,121.0,1.0,118.01600000000003,0.0,1.0,0.0,1.001,0.0,0.0,0.0,0.0,0.0,0.0,0.0,0.0,0.0,0.0,-1.0,-1.0,-1000.0,-1.0,-1.0,-1.0,-1.0
387,0.0,121.0,1.0,119.01600000000003,0.0,1.0,0.0,1.001,0.0,0.0,0.0,0.0,0.0,0.0,0.0,0.0,0.0,0.0,-1.0,-1.0,-1000.0,-1.0,-1.0,-1.0,-1.0
388,0.0,121.0,1.0,120.01600000000003,0.0,1.0,0.0,1.001,0.0,0.0,0.0,0.0,0.0,0.0,0.0,0.0,0.0,0.0,-1.0,-1.0,-1000.0,-1.0,-1.0,-1.0,-1.0
389,0.0,121.0,1.0,121.01600000000003,0.0,1.0,0.0,1.001,0.0,0.0,0.0,0.0,0.0,0.0,0.0,0.0,0.0,0.0,-1.0,-1.0,-1000.0,-1.0,-1.0,-1.0,-1.0
390,16.0,137.0,2.286,123.30200000000004,0.0,1.0,0.0,1.001,0.0,0.0,0.0,0.0,0.0,0.0,0.0,0.0,0.0,0.0,-1.0,-1.0,-1000.0,-1.0,-1.0,-1.0,-1.0
391,0.0,137.0,2.286,125.58800000000004,0.0,1.0,0.0,1.001,0.0,0.0,0.0,0.0,0.0,0.0,0.0,0.0,0.0,0.0,-1.0,-1.0,-1000.0,-1.0,-1.0,-1.0,-1.0
392,0.0,137.0,2.286,127.87400000000004,0.0,1.0,0.0,1.001,0.0,0.0,0.0,0.0,0.0,0.0,0.0,0.0,0.0,0.0,-1.0,-1.0,-1000.0,-1.0,-1.0,-1.0,-1.0
393,0.0,137.0,2.286,130.16000000000005,0.0,1.0,0.0,1.001,0.0,0.0,0.0,0.0,0.0,0.0,0.0,0.0,0.0,0.0,-1.0,-1.0,-1000.0,-1.0,-1.0,-1.0,-1.0
394,0.0,137.0,2.286,132.44600000000003,0.0,1.0,0.0,1.001,0.0,0.0,0.0,0.0,0.0,0.0,0.0,0.0,0.0,0.0,-1.0,-1.0,-1000.0,-1.0,-1.0,-1.0,-1.0
395,0.0,137.0,2.286,134.73200000000006,0.0,1.0,0.0,1.001,0.0,0.0,0.0,0.0,0.0,0.0,0.0,0.0,0.0,0.0,-1.0,-1.0,-1000.0,-1.0,-1.0,-1.0,-1.0
396,0.0,137.0,2.286,137.01800000000006,0.0,1.0,0.0,1.001,0.0,0.0,0.0,0.0,0.0,0.0,0.0,0.0,0.0,0.0,-1.0,-1.0,-1000.0,-1.0,-1.0,-1.0,-1.0
397,4.0,141.0,0.571,137.58900000000006,0.0,1.0,0.0,1.001,0.0,0.0,0.0,0.0,0.0,0.0,0.0,0.0,0.0,0.0,-1.0,-1.0,-1000.0,-1.0,-1.0,-1.0,-1.0
398,0.0,141.0,0.571,138.16000000000005,0.0,1.0,0.0,1.001,0.0,0.0,0.0,0.0,0.0,0.0,0.0,0.0,0.0,0.0,-1.0,-1.0,-1000.0,-1.0,-1.0,-1.0,-1.0
399,0.0,141.0,0.571,138.73100000000005,0.0,1.0,0.0,1.001,0.0,0.0,0.0,0.0,0.0,0.0,0.0,0.0,0.0,0.0,-1.0,-1.0,-1000.0,-1.0,-1.0,-1.0,-1.0
400,0.0,141.0,0.571,139.30200000000005,0.0,1.0,0.0,1.001,0.0,0.0,0.0,0.0,0.0,0.0,0.0,0.0,0.0,0.0,-1.0,-1.0,-1000.0,-1.0,-1.0,-1.0,-1.0
401,0.0,141.0,0.571,139.87300000000005,0.0,1.0,0.0,1.001,0.0,0.0,0.0,0.0,0.0,0.0,0.0,0.0,0.0,0.0,-1.0,-1.0,-1000.0,-1.0,-1.0,-1.0,-1.0
402,0.0,141.0,0.571,140.44400000000005,0.0,1.0,0.0,1.001,0.0,0.0,0.0,0.0,0.0,0.0,0.0,0.0,0.0,0.0,-1.0,-1.0,-1000.0,-1.0,-1.0,-1.0,-1.0
403,0.0,141.0,0.571,141.01500000000004,0.0,1.0,0.0,1.001,0.0,0.0,0.0,0.0,0.0,0.0,0.0,0.0,0.0,0.0,-1.0,-1.0,-1000.0,-1.0,-1.0,-1.0,-1.0
404,0.0,141.0,0.0,141.01500000000004,0.0,1.0,0.0,1.001,0.0,0.0,0.0,0.0,0.0,0.0,0.0,0.0,0.0,0.0,-1.0,-1.0,-1000.0,-1.0,-1.0,-1.0,-1.0
405,0.0,141.0,0.0,141.01500000000004,0.0,1.0,0.0,1.001,0.0,0.0,0.0,0.0,0.0,0.0,0.0,0.0,0.0,0.0,-1.0,-1.0,-1000.0,-1.0,-1.0,-1.0,-1.0
406,0.0,141.0,0.0,141.01500000000004,0.0,1.0,0.0,1.001,0.0,0.0,0.0,0.0,0.0,0.0,0.0,0.0,0.0,0.0,-1.0,-1.0,-1000.0,-1.0,-1.0,-1.0,-1.0
407,0.0,141.0,0.0,141.01500000000004,0.0,1.0,0.0,1.001,0.0,0.0,0.0,0.0,0.0,0.0,0.0,0.0,0.0,0.0,-1.0,-1.0,-1000.0,-1.0,-1.0,-1.0,-1.0
408,0.0,141.0,0.0,141.01500000000004,0.0,1.0,0.0,1.001,0.0,0.0,0.0,0.0,0.0,0.0,0.0,0.0,0.0,0.0,-1.0,-1.0,-1000.0,-1.0,-1.0,-1.0,-1.0
409,0.0,141.0,0.0,141.01500000000004,0.0,1.0,0.0,1.001,0.0,0.0,0.0,0.0,0.0,0.0,0.0,0.0,0.0,0.0,-1.0,-1.0,-1000.0,-1.0,-1.0,-1.0,-1.0
410,0.0,141.0,0.0,141.01500000000004,0.0,1.0,0.0,1.001,0.0,0.0,0.0,0.0,0.0,0.0,0.0,0.0,0.0,0.0,-1.0,-1.0,-1000.0,-1.0,-1.0,-1.0,-1.0
411,10.0,151.0,1.429,142.44400000000005,0.0,1.0,0.0,1.001,0.0,0.0,0.0,0.0,0.0,0.0,0.0,0.0,0.0,0.0,-1.0,-1.0,-1000.0,-1.0,-1.0,-1.0,-1.0
412,0.0,151.0,1.429,143.87300000000005,0.0,1.0,0.0,1.001,0.0,0.0,0.0,0.0,0.0,0.0,0.0,0.0,0.0,0.0,-1.0,-1.0,-1000.0,-1.0,-1.0,-1.0,-1.0
413,0.0,151.0,1.429,145.30200000000005,0.0,1.0,0.0,1.001,0.0,0.0,0.0,0.0,0.0,0.0,0.0,0.0,0.0,0.0,-1.0,-1.0,-1000.0,-1.0,-1.0,-1.0,-1.0
414,0.0,151.0,1.429,146.73100000000005,0.0,1.0,0.0,1.001,0.0,0.0,0.0,0.0,0.0,0.0,0.0,0.0,0.0,0.0,-1.0,-1.0,-1000.0,-1.0,-1.0,-1.0,-1.0
415,0.0,151.0,1.429,148.16000000000005,0.0,1.0,0.0,1.001,0.0,0.0,0.0,0.0,0.0,0.0,0.0,0.0,0.0,0.0,-1.0,-1.0,-1000.0,-1.0,-1.0,-1.0,-1.0
416,0.0,151.0,1.429,149.58900000000006,0.0,1.0,0.0,1.001,0.0,0.0,0.0,0.0,0.0,0.0,0.0,0.0,0.0,0.0,-1.0,-1.0,-1000.0,-1.0,-1.0,-1.0,-1.0
417,0.0,151.0,1.429,151.01800000000006,0.0,1.0,0.0,1.001,0.0,0.0,0.0,0.0,0.0,0.0,0.0,0.0,0.0,0.0,-1.0,-1.0,-1000.0,-1.0,-1.0,-1.0,-1.0
418,2.0,153.0,0.286,151.30400000000006,0.0,1.0,0.0,1.001,0.0,0.0,0.0,0.0,0.0,0.0,0.0,0.0,0.0,0.0,-1.0,-1.0,-1000.0,-1.0,-1.0,-1.0,-1.0
419,0.0,153.0,0.286,151.59000000000006,0.0,1.0,0.0,1.001,0.0,0.0,0.0,0.0,0.0,0.0,0.0,0.0,0.0,0.0,-1.0,-1.0,-1000.0,-1.0,-1.0,-1.0,-1.0
420,0.0,153.0,0.286,151.87600000000006,0.0,1.0,0.0,1.001,0.0,0.0,0.0,0.0,0.0,0.0,0.0,0.0,0.0,0.0,-1.0,-1.0,-1000.0,-1.0,-1.0,-1.0,-1.0
421,0.0,153.0,0.286,152.16200000000006,0.0,1.0,0.0,1.001,0.0,0.0,0.0,0.0,0.0,0.0,0.0,0.0,0.0,0.0,-1.0,-1.0,-1000.0,-1.0,-1.0,-1.0,-1.0
422,0.0,153.0,0.286,152.44800000000006,0.0,1.0,0.0,1.001,0.0,0.0,0.0,0.0,0.0,0.0,0.0,0.0,0.0,0.0,-1.0,-1.0,-1000.0,-1.0,-1.0,-1.0,-1.0
423,0.0,153.0,0.286,152.7340000000001,0.0,1.0,0.0,1.001,0.0,0.0,0.0,0.0,0.0,0.0,0.0,0.0,0.0,0.0,-1.0,-1.0,-1000.0,-1.0,-1.0,-1.0,-1.0
424,0.0,153.0,0.286,153.02000000000007,0.0,1.0,0.0,1.001,0.0,0.0,0.0,0.0,0.0,0.0,0.0,0.0,0.0,0.0,-1.0,-1.0,-1000.0,-1.0,-1.0,-1.0,-1.0
425,0.0,153.0,0.0,153.02000000000007,0.0,1.0,0.0,1.001,0.0,0.0,0.0,0.0,0.0,0.0,0.0,0.0,0.0,0.0,-1.0,-1.0,-1000.0,-1.0,-1.0,-1.0,-1.0
426,0.0,153.0,0.0,153.02000000000007,0.0,1.0,0.0,1.001,0.0,0.0,0.0,0.0,0.0,0.0,0.0,0.0,0.0,0.0,-1.0,-1.0,-1000.0,-1.0,-1.0,-1.0,-1.0
427,0.0,153.0,0.0,153.02000000000007,0.0,1.0,0.0,1.001,0.0,0.0,0.0,0.0,0.0,0.0,0.0,0.0,0.0,0.0,-1.0,-1.0,-1000.0,-1.0,-1.0,-1.0,-1.0
428,0.0,153.0,0.0,153.02000000000007,0.0,1.0,0.0,1.001,0.0,0.0,0.0,0.0,0.0,0.0,0.0,0.0,0.0,0.0,-1.0,-1.0,-1000.0,-1.0,-1.0,-1.0,-1.0
429,0.0,153.0,0.0,153.02000000000007,0.0,1.0,0.0,1.001,0.0,0.0,0.0,0.0,0.0,0.0,0.0,0.0,0.0,0.0,-1.0,-1.0,-1000.0,-1.0,-1.0,-1.0,-1.0
430,0.0,153.0,0.0,153.02000000000007,0.0,1.0,0.0,1.001,0.0,0.0,0.0,0.0,0.0,0.0,0.0,0.0,0.0,0.0,-1.0,-1.0,-1000.0,-1.0,-1.0,-1.0,-1.0
431,0.0,153.0,0.0,153.02000000000007,0.0,1.0,0.0,1.001,0.0,0.0,0.0,0.0,0.0,0.0,0.0,0.0,0.0,0.0,-1.0,-1.0,-1000.0,-1.0,-1.0,-1.0,-1.0
432,1.0,154.0,0.143,153.16300000000007,0.0,1.0,0.0,1.001,0.0,0.0,0.0,0.0,0.0,0.0,0.0,0.0,0.0,0.0,-1.0,-1.0,-1000.0,-1.0,-1.0,-1.0,-1.0
433,0.0,154.0,0.143,153.30600000000007,0.0,1.0,0.0,1.001,0.0,0.0,0.0,0.0,0.0,0.0,0.0,0.0,0.0,0.0,-1.0,-1.0,-1000.0,-1.0,-1.0,-1.0,-1.0
434,0.0,154.0,0.143,153.44900000000007,0.0,1.0,0.0,1.001,0.0,0.0,0.0,0.0,0.0,0.0,0.0,0.0,0.0,0.0,-1.0,-1.0,-1000.0,-1.0,-1.0,-1.0,-1.0
435,0.0,154.0,0.143,153.59200000000007,0.0,1.0,0.0,1.001,0.0,0.0,0.0,0.0,0.0,0.0,0.0,0.0,0.0,0.0,-1.0,-1.0,-1000.0,-1.0,-1.0,-1.0,-1.0
436,0.0,154.0,0.143,153.73500000000007,0.0,1.0,0.0,1.001,0.0,0.0,0.0,0.0,0.0,0.0,0.0,0.0,0.0,0.0,-1.0,-1.0,-1000.0,-1.0,-1.0,-1.0,-1.0
437,0.0,154.0,0.143,153.87800000000007,0.0,1.0,0.0,1.001,0.0,0.0,0.0,0.0,0.0,0.0,0.0,0.0,0.0,0.0,-1.0,-1.0,-1000.0,-1.0,-1.0,-1.0,-1.0
438,0.0,154.0,0.143,154.02100000000007,0.0,1.0,0.0,1.001,0.0,0.0,0.0,0.0,0.0,0.0,0.0,0.0,0.0,0.0,-1.0,-1.0,-1000.0,-1.0,-1.0,-1.0,-1.0
439,0.0,154.0,0.0,154.02100000000007,0.0,1.0,0.0,1.001,0.0,0.0,0.0,0.0,0.0,0.0,0.0,0.0,0.0,0.0,-1.0,-1.0,-1000.0,-1.0,-1.0,-1.0,-1.0
440,0.0,154.0,0.0,154.02100000000007,0.0,1.0,0.0,1.001,0.0,0.0,0.0,0.0,0.0,0.0,0.0,0.0,0.0,0.0,-1.0,-1.0,-1000.0,-1.0,-1.0,-1.0,-1.0
441,0.0,154.0,0.0,154.02100000000007,0.0,1.0,0.0,1.001,0.0,0.0,0.0,0.0,0.0,0.0,0.0,0.0,0.0,0.0,-1.0,-1.0,-1000.0,-1.0,-1.0,-1.0,-1.0
442,0.0,154.0,0.0,154.02100000000007,0.0,1.0,0.0,1.001,0.0,0.0,0.0,0.0,0.0,0.0,0.0,0.0,0.0,0.0,-1.0,-1.0,-1000.0,-1.0,-1.0,-1.0,-1.0
443,0.0,154.0,0.0,154.02100000000007,0.0,1.0,0.0,1.001,0.0,0.0,0.0,0.0,0.0,0.0,0.0,0.0,0.0,0.0,-1.0,-1.0,-1000.0,-1.0,-1.0,-1.0,-1.0
444,0.0,154.0,0.0,154.02100000000007,0.0,1.0,0.0,1.001,0.0,0.0,0.0,0.0,0.0,0.0,0.0,0.0,0.0,0.0,-1.0,-1.0,-1000.0,-1.0,-1.0,-1.0,-1.0
445,0.0,154.0,0.0,154.02100000000007,0.0,1.0,0.0,1.001,0.0,0.0,0.0,0.0,0.0,0.0,0.0,0.0,0.0,0.0,-1.0,-1.0,-1000.0,-1.0,-1.0,-1.0,-1.0
446,0.0,154.0,0.0,154.02100000000007,0.0,1.0,0.0,1.001,0.0,0.0,0.0,0.0,0.0,0.0,0.0,0.0,0.0,0.0,-1.0,-1.0,-1000.0,-1.0,-1.0,-1.0,-1.0
447,0.0,154.0,0.0,154.02100000000007,0.0,1.0,0.0,1.001,0.0,0.0,0.0,0.0,0.0,0.0,0.0,0.0,0.0,0.0,-1.0,-1.0,-1000.0,-1.0,-1.0,-1.0,-1.0
448,0.0,154.0,0.0,154.02100000000007,0.0,1.0,0.0,1.001,0.0,0.0,0.0,0.0,0.0,0.0,0.0,0.0,0.0,0.0,-1.0,-1.0,-1000.0,-1.0,-1.0,-1.0,-1.0
449,0.0,154.0,0.0,154.02100000000007,0.0,1.0,0.0,1.001,0.0,0.0,0.0,0.0,0.0,0.0,0.0,0.0,0.0,0.0,-1.0,-1.0,-1000.0,-1.0,-1.0,-1.0,-1.0
450,0.0,154.0,0.0,154.02100000000007,0.0,1.0,0.0,1.001,0.0,0.0,0.0,0.0,0.0,0.0,0.0,0.0,0.0,0.0,-1.0,-1.0,-1000.0,-1.0,-1.0,-1.0,-1.0
451,0.0,154.0,0.0,154.02100000000007,0.0,1.0,0.0,1.001,0.0,0.0,0.0,0.0,0.0,0.0,0.0,0.0,0.0,0.0,-1.0,-1.0,-1000.0,-1.0,-1.0,-1.0,-1.0
452,0.0,154.0,0.0,154.02100000000007,0.0,1.0,0.0,1.001,0.0,0.0,0.0,0.0,0.0,0.0,0.0,0.0,0.0,0.0,-1.0,-1.0,-1000.0,-1.0,-1.0,-1.0,-1.0
453,0.0,154.0,0.0,154.02100000000007,0.0,1.0,0.0,1.001,0.0,0.0,0.0,0.0,0.0,0.0,0.0,0.0,0.0,0.0,-1.0,-1.0,-1000.0,-1.0,-1.0,-1.0,-1.0
454,0.0,154.0,0.0,154.02100000000007,0.0,1.0,0.0,1.001,0.0,0.0,0.0,0.0,0.0,0.0,0.0,0.0,0.0,0.0,-1.0,-1.0,-1000.0,-1.0,-1.0,-1.0,-1.0
455,0.0,154.0,0.0,154.02100000000007,0.0,1.0,0.0,1.001,0.0,0.0,0.0,0.0,0.0,0.0,0.0,0.0,0.0,0.0,-1.0,-1.0,-1000.0,-1.0,-1.0,-1.0,-1.0
456,0.0,154.0,0.0,154.02100000000007,0.0,1.0,0.0,1.001,0.0,0.0,0.0,0.0,0.0,0.0,0.0,0.0,0.0,0.0,-1.0,-1.0,-1000.0,-1.0,-1.0,-1.0,-1.0
457,0.0,154.0,0.0,154.02100000000007,0.0,1.0,0.0,1.001,0.0,0.0,0.0,0.0,0.0,0.0,0.0,0.0,0.0,0.0,-1.0,-1.0,-1000.0,-1.0,-1.0,-1.0,-1.0
458,0.0,154.0,0.0,154.02100000000007,0.0,1.0,0.0,1.001,0.0,0.0,0.0,0.0,0.0,0.0,0.0,0.0,0.0,0.0,-1.0,-1.0,-1000.0,-1.0,-1.0,-1.0,-1.0
459,0.0,154.0,0.0,154.02100000000007,0.0,1.0,0.0,1.001,0.0,0.0,0.0,0.0,0.0,0.0,0.0,0.0,0.0,0.0,-1.0,-1.0,-1000.0,-1.0,-1.0,-1.0,-1.0
460,0.0,154.0,0.0,154.02100000000007,0.0,1.0,0.0,1.001,0.0,0.0,0.0,0.0,0.0,0.0,0.0,0.0,0.0,0.0,-1.0,-1.0,-1000.0,-1.0,-1.0,-1.0,-1.0
461,0.0,154.0,0.0,154.02100000000007,0.0,1.0,0.0,1.001,0.0,0.0,0.0,0.0,0.0,0.0,0.0,0.0,0.0,0.0,-1.0,-1.0,-1000.0,-1.0,-1.0,-1.0,-1.0
462,0.0,154.0,0.0,154.02100000000007,0.0,1.0,0.0,1.001,0.0,0.0,0.0,0.0,0.0,0.0,0.0,0.0,0.0,0.0,-1.0,-1.0,-1000.0,-1.0,-1.0,-1.0,-1.0
463,0.0,154.0,0.0,154.02100000000007,0.0,1.0,0.0,1.001,0.0,0.0,0.0,0.0,0.0,0.0,0.0,0.0,0.0,0.0,-1.0,-1.0,-1000.0,-1.0,-1.0,-1.0,-1.0
464,0.0,154.0,0.0,154.02100000000007,0.0,1.0,0.0,1.001,0.0,0.0,0.0,0.0,0.0,0.0,0.0,0.0,0.0,0.0,-1.0,-1.0,-1000.0,-1.0,-1.0,-1.0,-1.0
465,0.0,154.0,0.0,154.02100000000007,0.0,1.0,0.0,1.001,0.0,0.0,0.0,0.0,0.0,0.0,0.0,0.0,0.0,0.0,-1.0,-1.0,-1000.0,-1.0,-1.0,-1.0,-1.0
466,0.0,154.0,0.0,154.02100000000007,0.0,1.0,0.0,1.001,0.0,0.0,0.0,0.0,0.0,0.0,0.0,0.0,0.0,0.0,-1.0,-1.0,-1000.0,-1.0,-1.0,-1.0,-1.0
467,24.0,178.0,3.429,157.45000000000007,0.0,1.0,0.0,1.001,0.0,0.0,0.0,0.0,0.0,0.0,0.0,0.0,0.0,0.0,-1.0,-1.0,-1000.0,-1.0,-1.0,-1.0,-1.0
468,0.0,178.0,3.429,160.87900000000008,0.0,1.0,0.0,1.001,0.0,0.0,0.0,0.0,0.0,0.0,0.0,0.0,0.0,0.0,-1.0,-1.0,-1000.0,-1.0,-1.0,-1.0,-1.0
469,0.0,178.0,3.429,164.30800000000008,0.0,1.0,0.0,1.001,0.0,0.0,0.0,0.0,0.0,0.0,0.0,0.0,0.0,0.0,-1.0,-1.0,-1000.0,-1.0,-1.0,-1.0,-1.0
470,0.0,178.0,3.429,167.73700000000008,0.0,1.0,0.0,1.001,0.0,0.0,0.0,0.0,0.0,0.0,0.0,0.0,0.0,0.0,-1.0,-1.0,-1000.0,-1.0,-1.0,-1.0,-1.0
471,0.0,178.0,3.429,171.16600000000008,0.0,1.0,0.0,1.001,0.0,0.0,0.0,0.0,0.0,0.0,0.0,0.0,0.0,0.0,-1.0,-1.0,-1000.0,-1.0,-1.0,-1.0,-1.0
472,0.0,178.0,3.429,174.59500000000008,0.0,1.0,0.0,1.001,0.0,0.0,0.0,0.0,0.0,0.0,0.0,0.0,0.0,0.0,-1.0,-1.0,-1000.0,-1.0,-1.0,-1.0,-1.0
473,0.0,178.0,3.429,178.0240000000001,0.0,1.0,0.0,1.001,0.0,0.0,0.0,0.0,0.0,0.0,0.0,0.0,0.0,0.0,-1.0,-1.0,-1000.0,-1.0,-1.0,-1.0,-1.0
474,9.0,187.0,1.286,179.3100000000001,0.0,1.0,0.0,1.001,0.0,0.0,0.0,0.0,0.0,0.0,0.0,0.0,0.0,0.0,-1.0,-1.0,-1000.0,-1.0,-1.0,-1.0,-1.0
475,0.0,187.0,1.286,180.5960000000001,0.0,1.0,0.0,1.001,0.0,0.0,0.0,0.0,0.0,0.0,0.0,0.0,0.0,0.0,-1.0,-1.0,-1000.0,-1.0,-1.0,-1.0,-1.0
476,0.0,187.0,1.286,181.8820000000001,0.0,1.0,0.0,1.001,0.0,0.0,0.0,0.0,0.0,0.0,0.0,0.0,0.0,0.0,-1.0,-1.0,-1000.0,-1.0,-1.0,-1.0,-1.0
477,0.0,187.0,1.286,183.1680000000001,0.0,1.0,0.0,1.001,0.0,0.0,0.0,0.0,0.0,0.0,0.0,0.0,0.0,0.0,-1.0,-1.0,-1000.0,-1.0,-1.0,-1.0,-1.0
478,0.0,187.0,1.286,184.4540000000001,0.0,1.0,0.0,1.001,0.0,0.0,0.0,0.0,0.0,0.0,0.0,0.0,0.0,0.0,-1.0,-1.0,-1000.0,-1.0,-1.0,-1.0,-1.0
479,0.0,187.0,1.286,185.7400000000001,0.0,1.0,0.0,1.001,0.0,0.0,0.0,0.0,0.0,0.0,0.0,0.0,0.0,0.0,-1.0,-1.0,-1000.0,-1.0,-1.0,-1.0,-1.0
480,0.0,187.0,1.286,187.0260000000001,0.0,1.0,0.0,1.001,0.0,0.0,0.0,0.0,0.0,0.0,0.0,0.0,0.0,0.0,-1.0,-1.0,-1000.0,-1.0,-1.0,-1.0,-1.0
481,7.0,194.0,1.0,188.0260000000001,0.0,1.0,0.0,1.001,0.0,0.0,0.0,0.0,0.0,0.0,0.0,0.0,0.0,0.0,-1.0,-1.0,-1000.0,-1.0,-1.0,-1.0,-1.0
482,0.0,194.0,1.0,189.0260000000001,0.0,1.0,0.0,1.001,0.0,0.0,0.0,0.0,0.0,0.0,0.0,0.0,0.0,0.0,-1.0,-1.0,-1000.0,-1.0,-1.0,-1.0,-1.0
483,0.0,194.0,1.0,190.0260000000001,0.0,1.0,0.0,1.001,0.0,0.0,0.0,0.0,0.0,0.0,0.0,0.0,0.0,0.0,-1.0,-1.0,-1000.0,-1.0,-1.0,-1.0,-1.0
484,0.0,194.0,1.0,191.0260000000001,0.0,1.0,0.0,1.001,0.0,0.0,0.0,0.0,0.0,0.0,0.0,0.0,0.0,0.0,-1.0,-1.0,-1000.0,-1.0,-1.0,-1.0,-1.0
485,0.0,194.0,1.0,192.0260000000001,0.0,1.0,0.0,1.001,0.0,0.0,0.0,0.0,0.0,0.0,0.0,0.0,0.0,0.0,-1.0,-1.0,-1000.0,-1.0,-1.0,-1.0,-1.0
486,0.0,194.0,1.0,193.0260000000001,0.0,1.0,0.0,1.001,0.0,0.0,0.0,0.0,0.0,0.0,0.0,0.0,0.0,0.0,-1.0,-1.0,-1000.0,-1.0,-1.0,-1.0,-1.0
487,0.0,194.0,1.0,194.0260000000001,0.0,1.0,0.0,1.001,0.0,0.0,0.0,0.0,0.0,0.0,0.0,0.0,0.0,0.0,-1.0,-1.0,-1000.0,-1.0,-1.0,-1.0,-1.0
488,0.0,194.0,0.0,194.0260000000001,0.0,1.0,0.0,1.001,0.0,0.0,0.0,0.0,0.0,0.0,0.0,0.0,0.0,0.0,-1.0,-1.0,-1000.0,-1.0,-1.0,-1.0,-1.0
489,0.0,194.0,0.0,194.0260000000001,0.0,1.0,0.0,1.001,0.0,0.0,0.0,0.0,0.0,0.0,0.0,0.0,0.0,0.0,-1.0,-1.0,-1000.0,-1.0,-1.0,-1.0,-1.0
490,0.0,194.0,0.0,194.0260000000001,0.0,1.0,0.0,1.001,0.0,0.0,0.0,0.0,0.0,0.0,0.0,0.0,0.0,0.0,-1.0,-1.0,-1000.0,-1.0,-1.0,-1.0,-1.0
491,0.0,194.0,0.0,194.0260000000001,0.0,1.0,0.0,1.001,0.0,0.0,0.0,0.0,0.0,0.0,0.0,0.0,0.0,0.0,-1.0,-1.0,-1000.0,-1.0,-1.0,-1.0,-1.0
492,0.0,194.0,0.0,194.0260000000001,0.0,1.0,0.0,1.001,0.0,0.0,0.0,0.0,0.0,0.0,0.0,0.0,0.0,0.0,-1.0,-1.0,-1000.0,-1.0,-1.0,-1.0,-1.0
493,0.0,194.0,0.0,194.0260000000001,0.0,1.0,0.0,1.001,0.0,0.0,0.0,0.0,0.0,0.0,0.0,0.0,0.0,0.0,-1.0,-1.0,-1000.0,-1.0,-1.0,-1.0,-1.0
494,0.0,194.0,0.0,194.0260000000001,0.0,1.0,0.0,1.001,0.0,0.0,0.0,0.0,0.0,0.0,0.0,0.0,0.0,0.0,-1.0,-1.0,-1000.0,-1.0,-1.0,-1.0,-1.0
495,25.0,219.0,3.571,197.5970000000001,0.0,1.0,0.0,1.001,0.0,0.0,0.0,0.0,0.0,0.0,0.0,0.0,0.0,0.0,-1.0,-1.0,-1000.0,-1.0,-1.0,-1.0,-1.0
496,0.0,219.0,3.571,201.1680000000001,0.0,1.0,0.0,1.001,0.0,0.0,0.0,0.0,0.0,0.0,0.0,0.0,0.0,0.0,-1.0,-1.0,-1000.0,-1.0,-1.0,-1.0,-1.0
497,0.0,219.0,3.571,204.7390000000001,0.0,1.0,0.0,1.001,0.0,0.0,0.0,0.0,0.0,0.0,0.0,0.0,0.0,0.0,-1.0,-1.0,-1000.0,-1.0,-1.0,-1.0,-1.0
498,0.0,219.0,3.571,208.3100000000001,0.0,1.0,0.0,1.001,0.0,0.0,0.0,0.0,0.0,0.0,0.0,0.0,0.0,0.0,-1.0,-1.0,-1000.0,-1.0,-1.0,-1.0,-1.0
499,0.0,219.0,3.571,211.88100000000009,0.0,1.0,0.0,1.001,0.0,0.0,0.0,0.0,0.0,0.0,0.0,0.0,0.0,0.0,-1.0,-1.0,-1000.0,-1.0,-1.0,-1.0,-1.0
500,0.0,219.0,3.571,215.45200000000008,0.0,1.0,0.0,1.001,0.0,0.0,0.0,0.0,0.0,0.0,0.0,0.0,0.0,0.0,-1.0,-1.0,-1000.0,-1.0,-1.0,-1.0,-1.0
501,0.0,219.0,3.571,219.02300000000008,0.0,1.0,0.0,1.001,0.0,0.0,0.0,0.0,0.0,0.0,0.0,0.0,0.0,0.0,-1.0,-1.0,-1000.0,-1.0,-1.0,-1.0,-1.0
502,29.0,248.0,4.143,223.16600000000008,0.0,1.0,0.0,1.001,0.0,0.0,0.0,0.0,0.0,0.0,0.0,0.0,0.0,0.0,-1.0,-1.0,-1000.0,-1.0,-1.0,-1.0,-1.0
503,0.0,248.0,4.143,227.30900000000008,0.0,1.0,0.0,1.001,0.0,0.0,0.0,0.0,0.0,0.0,0.0,0.0,0.0,0.0,-1.0,-1.0,-1000.0,-1.0,-1.0,-1.0,-1.0
504,0.0,248.0,4.143,231.45200000000008,0.0,1.0,0.0,1.001,0.0,0.0,0.0,0.0,0.0,0.0,0.0,0.0,0.0,0.0,-1.0,-1.0,-1000.0,-1.0,-1.0,-1.0,-1.0
505,0.0,248.0,4.143,235.59500000000008,0.0,1.0,0.0,1.001,0.0,0.0,0.0,0.0,0.0,0.0,0.0,0.0,0.0,0.0,-1.0,-1.0,-1000.0,-1.0,-1.0,-1.0,-1.0
506,0.0,248.0,4.143,239.73800000000008,0.0,1.0,0.0,1.001,0.0,0.0,0.0,0.0,0.0,0.0,0.0,0.0,0.0,0.0,-1.0,-1.0,-1000.0,-1.0,-1.0,-1.0,-1.0
507,0.0,248.0,4.143,243.88100000000009,0.0,1.0,0.0,1.001,0.0,15031.0,0.0,0.0,11255.0,0.0,3776.0,3776.0,0.0,0.0,-1.0,-1.0,-1000.0,-1.0,-1.0,-1.0,-1.0
508,0.0,248.0,4.143,248.0240000000001,0.0,1.0,0.0,1.001,182.0,15031.0,182.0,182.0,11255.0,182.0,3776.0,3915.0,0.0,0.0,-1.0,-1.0,-1000.0,-1.0,-1.0,-1.0,-1.0
509,0.0,248.0,0.0,248.0240000000001,0.0,1.0,0.0,1.001,182.0,15031.0,364.0,182.0,11255.0,364.0,3776.0,4054.0,0.0,0.0,-1.0,-1.0,-1000.0,-1.0,-1.0,-1.0,-1.0
510,0.0,248.0,0.0,248.0240000000001,0.0,1.0,0.0,1.001,182.0,15031.0,546.0,182.0,11255.0,546.0,3776.0,4193.0,0.0,0.0,-1.0,-1.0,-1000.0,-1.0,-1.0,-1.0,-1.0
511,0.0,248.0,0.0,248.0240000000001,0.0,1.0,0.0,1.001,182.0,15031.0,728.0,182.0,11255.0,728.0,3776.0,4332.0,0.0,0.0,-1.0,-1.0,-1000.0,-1.0,-1.0,-1.0,-1.0
512,0.0,248.0,0.0,248.0240000000001,0.0,1.0,0.0,1.001,182.0,15031.0,910.0,182.0,11255.0,910.0,3776.0,4471.0,0.0,0.0,-1.0,-1.0,-1000.0,-1.0,-1.0,-1.0,-1.0
513,0.0,248.0,0.0,248.0240000000001,0.0,1.0,0.0,1.001,182.0,15031.0,1092.0,182.0,11255.0,1092.0,3776.0,4610.0,0.0,0.0,-1.0,-1.0,-1000.0,-1.0,-1.0,-1.0,-1.0
514,0.0,248.0,0.0,248.0240000000001,0.0,1.0,0.0,1.001,182.0,16302.0,1274.0,182.0,11553.0,1274.0,4749.0,4749.0,0.0,0.0,-1.0,-1.0,-1000.0,-1.0,-1.0,-1.0,-1.0
515,0.0,248.0,0.0,248.0240000000001,0.0,1.0,0.0,1.001,189.0,16302.0,1463.0,189.0,11553.0,1463.0,4749.0,4930.428571428572,0.0,0.0,-1.0,-1.0,-1000.0,-1.0,-1.0,-1.0,-1.0
516,41.0,289.0,5.857,253.88100000000009,0.0,1.0,0.0,1.001,196.0,16302.0,1659.0,196.0,11553.0,1659.0,4749.0,5111.857142857143,0.0,0.0,-1.0,-1.0,-1000.0,-1.0,-1.0,-1.0,-1.0
517,0.0,289.0,5.857,259.7380000000001,0.0,1.0,0.0,1.001,203.0,16302.0,1862.0,203.0,11553.0,1862.0,4749.0,5293.285714285714,0.0,0.0,-1.0,-1.0,-1000.0,-1.0,-1.0,-1.0,-1.0
518,0.0,289.0,5.857,265.59500000000014,0.0,1.0,0.0,1.001,210.0,16302.0,2072.0,210.0,11553.0,2072.0,4749.0,5474.714285714285,0.0,0.0,-1.0,-1.0,-1000.0,-1.0,-1.0,-1.0,-1.0
519,0.0,289.0,5.857,271.45200000000017,0.0,1.0,0.0,1.001,217.0,16302.0,2289.0,217.0,11553.0,2289.0,4749.0,5656.142857142857,0.0,0.0,-1.0,-1.0,-1000.0,-1.0,-1.0,-1.0,-1.0
520,0.0,289.0,5.857,277.3090000000002,0.0,1.0,0.0,1.001,224.0,16302.0,2513.0,224.0,11553.0,2513.0,4749.0,5837.571428571428,0.0,0.0,-1.0,-1.0,-1000.0,-1.0,-1.0,-1.0,-1.0
521,0.0,289.0,5.857,283.1660000000002,0.0,1.0,0.0,1.001,231.0,16302.0,2744.0,231.0,11553.0,2744.0,4749.0,6019.0,0.0,0.0,-1.0,-1.0,-1000.0,-1.0,-1.0,-1.0,-1.0
522,0.0,289.0,5.857,289.02300000000025,0.0,1.0,0.0,1.001,231.0,16302.0,2975.0,231.0,11553.0,2975.0,4749.0,6200.428571428572,0.0,0.0,-1.0,-1.0,-1000.0,-1.0,-1.0,-1.0,-1.0
523,0.0,289.0,0.0,289.02300000000025,0.0,1.0,0.0,1.001,231.0,16302.0,3206.0,231.0,11553.0,3206.0,4749.0,6381.857142857143,0.0,0.0,-1.0,-1.0,-1000.0,-1.0,-1.0,-1.0,-1.0
524,0.0,289.0,0.0,289.02300000000025,0.0,1.0,0.0,1.001,231.0,16302.0,3437.0,231.0,11553.0,3437.0,4749.0,6563.285714285714,0.0,0.0,-1.0,-1.0,-1000.0,-1.0,-1.0,-1.0,-1.0
525,0.0,289.0,0.0,289.02300000000025,0.0,1.0,0.0,1.001,231.0,16302.0,3668.0,231.0,11553.0,3668.0,4749.0,6744.714285714285,0.0,0.0,-1.0,-1.0,-1000.0,-1.0,-1.0,-1.0,-1.0
526,0.0,289.0,0.0,289.02300000000025,0.0,1.0,0.0,1.001,231.0,16302.0,3899.0,231.0,11553.0,3899.0,4749.0,6926.142857142857,0.0,0.0,-1.0,-1.0,-1000.0,-1.0,-1.0,-1.0,-1.0
527,0.0,289.0,0.0,289.02300000000025,0.0,1.0,0.0,1.001,231.0,16302.0,4130.0,231.0,11553.0,4130.0,4749.0,7107.571428571428,0.0,0.0,-1.0,-1.0,-1000.0,-1.0,-1.0,-1.0,-1.0
528,0.0,289.0,0.0,289.02300000000025,0.0,1.0,0.0,1.001,231.0,19534.0,4361.0,231.0,12245.0,4361.0,7289.0,7289.0,0.0,0.0,-1.0,-1.0,-1000.0,-1.0,-1.0,-1.0,-1.0
529,0.0,289.0,0.0,289.02300000000025,0.0,1.0,0.0,1.001,213.0,19534.0,4574.0,213.0,12245.0,4574.0,7289.0,7372.428571428572,0.0,0.0,-1.0,-1.0,-1000.0,-1.0,-1.0,-1.0,-1.0
530,6.0,295.0,0.857,289.8800000000003,0.0,1.0,0.0,1.001,195.0,19534.0,4769.0,195.0,12245.0,4769.0,7289.0,7455.857142857143,0.0,0.0,-1.0,-1.0,-1000.0,-1.0,-1.0,-1.0,-1.0
531,0.0,295.0,0.857,290.7370000000003,0.0,1.0,0.0,1.001,177.0,19534.0,4946.0,177.0,12245.0,4946.0,7289.0,7539.285714285715,0.0,0.0,-1.0,-1.0,-1000.0,-1.0,-1.0,-1.0,-1.0
532,0.0,295.0,0.857,291.59400000000034,0.0,1.0,0.0,1.001,160.0,19534.0,5106.0,160.0,12245.0,5106.0,7289.0,7622.714285714285,0.0,0.0,-1.0,-1.0,-1000.0,-1.0,-1.0,-1.0,-1.0
533,0.0,295.0,0.857,292.4510000000004,0.0,1.0,0.0,1.001,142.0,19534.0,5248.0,142.0,12245.0,5248.0,7289.0,7706.142857142857,0.0,0.0,-1.0,-1.0,-1000.0,-1.0,-1.0,-1.0,-1.0
534,0.0,295.0,0.857,293.3080000000004,0.0,1.0,0.0,1.001,124.0,19534.0,5372.0,124.0,12245.0,5372.0,7289.0,7789.571428571428,0.0,0.0,-1.0,-1.0,-1000.0,-1.0,-1.0,-1.0,-1.0
535,0.0,295.0,0.857,294.1650000000004,0.0,1.0,0.0,1.001,106.0,20278.0,5478.0,106.0,12405.0,5478.0,7873.0,7873.0,0.0,0.0,-1.0,-1.0,-1000.0,-1.0,-1.0,-1.0,-1.0
536,0.0,295.0,0.857,295.02200000000045,0.0,1.0,0.0,1.001,114.0,20278.0,5592.0,114.0,12405.0,5592.0,7873.0,8011.285714285715,0.0,0.0,-1.0,-1.0,-1000.0,-1.0,-1.0,-1.0,-1.0
537,0.0,295.0,0.0,295.02200000000045,0.0,1.0,0.0,1.001,122.0,20278.0,5714.0,122.0,12405.0,5714.0,7873.0,8149.571428571428,0.0,0.0,-1.0,-1.0,-1000.0,-1.0,-1.0,-1.0,-1.0
538,0.0,295.0,0.0,295.02200000000045,0.0,1.0,0.0,1.001,130.0,20278.0,5844.0,130.0,12405.0,5844.0,7873.0,8287.857142857143,0.0,0.0,-1.0,-1.0,-1000.0,-1.0,-1.0,-1.0,-1.0
539,0.0,295.0,0.0,295.02200000000045,0.0,1.0,0.0,1.001,137.0,20278.0,5981.0,137.0,12405.0,5981.0,7873.0,8426.142857142857,0.0,0.0,-1.0,-1.0,-1000.0,-1.0,-1.0,-1.0,-1.0
540,0.0,295.0,0.0,295.02200000000045,0.0,1.0,0.0,1.001,145.0,20278.0,6126.0,145.0,12405.0,6126.0,7873.0,8564.42857142857,0.0,0.0,-1.0,-1.0,-1000.0,-1.0,-1.0,-1.0,-1.0
541,0.0,295.0,0.0,295.02200000000045,0.0,1.0,0.0,1.001,153.0,20278.0,6279.0,153.0,12405.0,6279.0,7873.0,8702.714285714286,0.0,0.0,-1.0,-1.0,-1000.0,-1.0,-1.0,-1.0,-1.0
542,0.0,295.0,0.0,295.02200000000045,0.0,1.0,0.0,1.001,161.0,21403.0,6440.0,161.0,12562.0,6440.0,8841.0,8841.0,0.0,0.0,-1.0,-1.0,-1000.0,-1.0,-1.0,-1.0,-1.0
543,0.0,295.0,0.0,295.02200000000045,0.0,1.0,0.0,1.001,155.0,21403.0,6595.0,155.0,12562.0,6595.0,8841.0,8900.0,0.0,0.0,-1.0,-1.0,-1000.0,-1.0,-1.0,-1.0,-1.0
544,3.0,298.0,0.429,295.4510000000004,0.0,1.0,0.0,1.001,149.0,21403.0,6744.0,149.0,12562.0,6744.0,8841.0,8959.0,0.0,0.0,-1.0,-1.0,-1000.0,-1.0,-1.0,-1.0,-1.0
545,0.0,298.0,0.429,295.8800000000004,0.0,1.0,0.0,1.001,144.0,21403.0,6888.0,144.0,12562.0,6888.0,8841.0,9018.0,0.0,0.0,-1.0,-1.0,-1000.0,-1.0,-1.0,-1.0,-1.0
546,0.0,298.0,0.429,296.3090000000004,0.0,1.0,0.0,1.001,138.0,21403.0,7026.0,138.0,12562.0,7026.0,8841.0,9077.0,0.0,0.0,-1.0,-1.0,-1000.0,-1.0,-1.0,-1.0,-1.0
547,0.0,298.0,0.429,296.73800000000034,0.0,1.0,0.0,1.001,132.0,21403.0,7158.0,132.0,12562.0,7158.0,8841.0,9136.0,0.0,0.0,-1.0,-1.0,-1000.0,-1.0,-1.0,-1.0,-1.0
548,0.0,298.0,0.429,297.1670000000003,0.0,1.0,0.0,1.001,126.0,21403.0,7284.0,126.0,12562.0,7284.0,8841.0,9195.0,0.0,0.0,-1.0,-1.0,-1000.0,-1.0,-1.0,-1.0,-1.0
549,0.0,298.0,0.429,297.5960000000003,0.0,1.0,0.0,1.001,121.0,22247.0,7405.0,121.0,12993.0,7405.0,9254.0,9254.0,0.0,0.0,-1.0,-1.0,-1000.0,-1.0,-1.0,-1.0,-1.0
550,0.0,298.0,0.429,298.02500000000026,0.0,1.0,0.0,1.001,115.0,22247.0,7520.0,115.0,12993.0,7520.0,9254.0,9274.57142857143,0.0,0.0,-1.0,-1.0,-1000.0,-1.0,-1.0,-1.0,-1.0
551,158.0,456.0,22.571,320.5960000000003,0.0,1.0,0.0,1.001,110.0,22247.0,7630.0,110.0,12993.0,7630.0,9254.0,9295.142857142857,0.0,0.0,-1.0,-1.0,-1000.0,-1.0,-1.0,-1.0,-1.0
552,0.0,456.0,22.571,343.1670000000003,0.0,1.0,0.0,1.001,105.0,22247.0,7735.0,105.0,12993.0,7735.0,9254.0,9315.714285714286,0.0,0.0,-1.0,-1.0,-1000.0,-1.0,-1.0,-1.0,-1.0
553,0.0,456.0,22.571,365.73800000000034,0.0,1.0,0.0,1.001,100.0,22247.0,7835.0,100.0,12993.0,7835.0,9254.0,9336.285714285714,0.0,0.0,-1.0,-1.0,-1000.0,-1.0,-1.0,-1.0,-1.0
554,0.0,456.0,22.571,388.3090000000004,0.0,1.0,0.0,1.001,95.0,22247.0,7930.0,95.0,12993.0,7930.0,9254.0,9356.857142857143,0.0,0.0,-1.0,-1.0,-1000.0,-1.0,-1.0,-1.0,-1.0
555,0.0,456.0,22.571,410.8800000000004,0.0,1.0,0.0,1.001,89.0,22247.0,8019.0,89.0,12993.0,8019.0,9254.0,9377.42857142857,0.0,0.0,-1.0,-1.0,-1000.0,-1.0,-1.0,-1.0,-1.0
556,0.0,456.0,22.571,433.4510000000004,0.0,1.0,0.0,1.001,84.0,22837.0,8103.0,84.0,13439.0,8103.0,9398.0,9398.0,0.0,0.0,-1.0,-1.0,-1000.0,-1.0,-1.0,-1.0,-1.0
557,0.0,456.0,22.571,456.0220000000005,0.0,1.0,0.0,1.001,98.0,22837.0,8201.0,98.0,13439.0,8201.0,9398.0,9500.142857142857,0.0,0.0,-1.0,-1.0,-1000.0,-1.0,-1.0,-1.0,-1.0
558,691.0,1147.0,98.714,554.7360000000004,2.0,3.0,0.286,1.287,112.0,22837.0,8313.0,112.0,13439.0,8313.0,9398.0,9602.285714285714,0.0,0.0,-1.0,-1.0,-1000.0,-1.0,-1.0,-1.0,-1.0
559,0.0,1147.0,98.714,653.4500000000005,0.0,3.0,0.286,1.573,126.0,22837.0,8439.0,126.0,13439.0,8439.0,9398.0,9704.42857142857,0.0,0.0,-1.0,-1.0,-1000.0,-1.0,-1.0,-1.0,-1.0
560,0.0,1147.0,98.714,752.1640000000004,0.0,3.0,0.286,1.859,140.0,22837.0,8579.0,140.0,13439.0,8579.0,9398.0,9806.57142857143,0.0,0.0,-1.0,-1.0,-1000.0,-1.0,-1.0,-1.0,-1.0
561,0.0,1147.0,98.714,850.8780000000004,0.0,3.0,0.286,2.145,154.0,22837.0,8733.0,154.0,13439.0,8733.0,9398.0,9908.714285714286,0.0,0.0,-1.0,-1.0,-1000.0,-1.0,-1.0,-1.0,-1.0
562,0.0,1147.0,98.714,949.5920000000004,0.0,3.0,0.286,2.431,168.0,22837.0,8901.0,168.0,13439.0,8901.0,9398.0,10010.857142857143,0.0,0.0,-1.0,-1.0,-1000.0,-1.0,-1.0,-1.0,-1.0
563,0.0,1147.0,98.714,1048.3060000000005,0.0,3.0,0.286,2.717,182.0,24112.0,9083.0,182.0,13999.0,9083.0,10113.0,10113.0,0.0,0.0,-1.0,-1.0,-1000.0,-1.0,-1.0,-1.0,-1.0
564,0.0,1147.0,98.714,1147.0200000000002,0.0,3.0,0.286,3.003,205.0,24112.0,9288.0,205.0,13999.0,9288.0,10113.0,10222.714285714286,0.0,0.0,-1.0,-1.0,-1000.0,-1.0,-1.0,-1.0,-1.0
565,877.0,2024.0,125.286,1272.3060000000005,9.0,12.0,1.286,4.289,228.0,24112.0,9516.0,228.0,13999.0,9516.0,10113.0,10332.42857142857,0.0,0.0,-1.0,-1.0,-1000.0,-1.0,-1.0,-1.0,-1.0
566,0.0,2024.0,125.286,1397.5920000000003,0.0,12.0,1.286,5.574999999999999,250.0,24112.0,9766.0,250.0,13999.0,9766.0,10113.0,10442.142857142857,0.0,0.0,-1.0,-1.0,-1000.0,-1.0,-1.0,-1.0,-1.0
567,0.0,2024.0,125.286,1522.8780000000004,0.0,12.0,1.286,6.860999999999999,273.0,24112.0,10039.0,273.0,13999.0,10039.0,10113.0,10551.857142857143,0.0,0.0,-1.0,-1.0,-1000.0,-1.0,-1.0,-1.0,-1.0
568,0.0,2024.0,125.286,1648.1640000000004,0.0,12.0,1.286,8.146999999999998,296.0,24112.0,10335.0,296.0,13999.0,10335.0,10113.0,10661.57142857143,0.0,0.0,-1.0,-1.0,-1000.0,-1.0,-1.0,-1.0,-1.0
569,0.0,2024.0,125.286,1773.4500000000005,0.0,12.0,1.286,9.432999999999998,319.0,24112.0,10654.0,319.0,13999.0,10654.0,10113.0,10771.285714285714,0.0,0.0,-1.0,-1.0,-1000.0,-1.0,-1.0,-1.0,-1.0
570,0.0,2024.0,125.286,1898.7360000000008,0.0,12.0,1.286,10.718999999999998,341.0,26501.0,10995.0,341.0,15620.0,10995.0,10881.0,10881.0,0.0,0.0,-1.0,-1.0,-1000.0,-1.0,-1.0,-1.0,-1.0
571,0.0,2024.0,125.286,2024.0220000000008,0.0,12.0,1.286,12.004999999999995,321.0,26501.0,11316.0,321.0,15620.0,11316.0,10881.0,10960.57142857143,0.0,0.0,-1.0,-1.0,-1000.0,-1.0,-1.0,-1.0,-1.0
572,365.0,2389.0,52.143,2076.1650000000004,13.0,25.0,1.857,13.861999999999997,300.0,26501.0,11616.0,300.0,15620.0,11616.0,10881.0,11040.142857142857,0.0,0.0,-1.0,-1.0,-1000.0,-1.0,-1.0,-1.0,-1.0
573,0.0,2389.0,52.143,2128.3080000000004,0.0,25.0,1.857,15.718999999999996,280.0,26501.0,11896.0,280.0,15620.0,11896.0,10881.0,11119.714285714286,0.0,0.0,-1.0,-1.0,-1000.0,-1.0,-1.0,-1.0,-1.0
574,0.0,2389.0,52.143,2180.4510000000005,0.0,25.0,1.857,17.575999999999997,259.0,26501.0,12155.0,259.0,15620.0,12155.0,10881.0,11199.285714285714,0.0,0.0,-1.0,-1.0,-1000.0,-1.0,-1.0,-1.0,-1.0
575,0.0,2389.0,52.143,2232.5940000000005,0.0,25.0,1.857,19.433,239.0,26501.0,12394.0,239.0,15620.0,12394.0,10881.0,11278.857142857143,0.0,0.0,-1.0,-1.0,-1000.0,-1.0,-1.0,-1.0,-1.0
576,0.0,2389.0,52.143,2284.7370000000005,0.0,25.0,1.857,21.29,218.0,26501.0,12612.0,218.0,15620.0,12612.0,10881.0,11358.42857142857,0.0,0.0,-1.0,-1.0,-1000.0,-1.0,-1.0,-1.0,-1.0
577,0.0,2389.0,52.143,2336.880000000001,0.0,25.0,1.857,23.146999999999995,197.0,27883.0,12809.0,197.0,16445.0,12809.0,11438.0,11438.0,0.0,0.0,-1.0,-1.0,-1000.0,-1.0,-1.0,-1.0,-1.0
578,0.0,2389.0,52.143,2389.0230000000006,0.0,25.0,1.857,25.003999999999994,187.0,27883.0,12996.0,187.0,16445.0,12996.0,11438.0,11493.57142857143,0.0,0.0,-1.0,-1.0,-1000.0,-1.0,-1.0,-1.0,-1.0
579,111.0,2500.0,15.857,2404.880000000001,6.0,31.0,0.857,25.860999999999997,178.0,27883.0,13174.0,178.0,16445.0,13174.0,11438.0,11549.142857142857,0.0,0.0,-1.0,-1.0,-1000.0,-1.0,-1.0,-1.0,-1.0
580,0.0,2500.0,15.857,2420.7370000000005,0.0,31.0,0.857,26.717999999999996,168.0,27883.0,13342.0,168.0,16445.0,13342.0,11438.0,11604.714285714286,0.0,0.0,-1.0,-1.0,-1000.0,-1.0,-1.0,-1.0,-1.0
581,0.0,2500.0,15.857,2436.5940000000005,0.0,31.0,0.857,27.574999999999992,158.0,27883.0,13500.0,158.0,16445.0,13500.0,11438.0,11660.285714285714,0.0,0.0,-1.0,-1.0,-1000.0,-1.0,-1.0,-1.0,-1.0
582,0.0,2500.0,15.857,2452.4510000000005,0.0,31.0,0.857,28.43199999999999,148.0,27883.0,13648.0,148.0,16445.0,13648.0,11438.0,11715.857142857143,0.0,0.0,-1.0,-1.0,-1000.0,-1.0,-1.0,-1.0,-1.0
583,0.0,2500.0,15.857,2468.3080000000004,0.0,31.0,0.857,29.28899999999999,138.0,27883.0,13786.0,138.0,16445.0,13786.0,11438.0,11771.42857142857,0.0,0.0,-1.0,-1.0,-1000.0,-1.0,-1.0,-1.0,-1.0
584,0.0,2500.0,15.857,2484.1650000000004,0.0,31.0,0.857,30.14599999999999,128.0,28777.0,13914.0,128.0,16590.0,13914.0,11438.0,11827.0,0.0,0.0,-1.0,-1.0,-1000.0,-1.0,-1.0,-1.0,-1.0
585,0.0,2500.0,15.857,2500.0220000000004,0.0,31.0,0.857,31.00299999999999,118.0,28777.0,14032.0,118.0,16590.0,14032.0,11438.0,11882.57142857143,0.0,0.0,-1.0,-1.0,-1000.0,-1.0,-1.0,-1.0,-1.0
586,32.0,2532.0,4.571,2504.5930000000003,6.0,37.0,0.857,31.85999999999999,107.0,28777.0,14139.0,107.0,16590.0,14139.0,11438.0,11938.142857142857,0.0,0.0,-1.0,-1.0,-1000.0,-1.0,-1.0,-1.0,-1.0
587,0.0,2532.0,4.571,2509.164,0.0,37.0,0.857,32.71699999999999,97.0,28777.0,14236.0,97.0,16590.0,14236.0,11438.0,11993.714285714286,0.0,0.0,-1.0,-1.0,-1000.0,-1.0,-1.0,-1.0,-1.0
588,0.0,2532.0,4.571,2513.735,0.0,37.0,0.857,33.57399999999999,87.0,28777.0,14323.0,87.0,16590.0,14323.0,11438.0,12049.285714285714,0.0,0.0,-1.0,-1.0,-1000.0,-1.0,-1.0,-1.0,-1.0
589,0.0,2532.0,4.571,2518.306,0.0,37.0,0.857,34.43099999999999,77.0,28777.0,14400.0,77.0,16590.0,14400.0,11438.0,12104.857142857143,0.0,0.0,-1.0,-1.0,-1000.0,-1.0,-1.0,-1.0,-1.0
590,0.0,2532.0,4.571,2522.877,0.0,37.0,0.857,35.28799999999999,67.0,28777.0,14467.0,67.0,16590.0,14467.0,11438.0,12160.42857142857,0.0,0.0,-1.0,-1.0,-1000.0,-1.0,-1.0,-1.0,-1.0
591,0.0,2532.0,4.571,2527.448,0.0,37.0,0.857,36.14499999999999,56.0,29172.0,14523.0,56.0,16739.0,14523.0,11438.0,12216.0,0.0,0.0,-1.0,-1.0,-1000.0,-1.0,-1.0,-1.0,-1.0
592,0.0,2532.0,4.571,2532.019,0.0,37.0,0.857,37.00199999999999,54.0,29172.0,14577.0,54.0,16739.0,14577.0,11438.0,12271.57142857143,0.0,0.0,-1.0,-1.0,-1000.0,-1.0,-1.0,-1.0,-1.0
593,20.0,2552.0,2.857,2534.876,0.0,37.0,0.0,37.00199999999999,51.0,29172.0,14628.0,51.0,16739.0,14628.0,11438.0,12327.142857142857,0.0,0.0,-1.0,-1.0,-1000.0,-1.0,-1.0,-1.0,-1.0
594,0.0,2552.0,2.857,2537.733,0.0,37.0,0.0,37.00199999999999,48.0,29172.0,14676.0,48.0,16739.0,14676.0,11438.0,12382.714285714286,0.0,0.0,-1.0,-1.0,-1000.0,-1.0,-1.0,-1.0,-1.0
595,0.0,2552.0,2.857,2540.59,0.0,37.0,0.0,37.00199999999999,45.0,29172.0,14721.0,45.0,16739.0,14721.0,11438.0,12438.285714285714,0.0,0.0,-1.0,-1.0,-1000.0,-1.0,-1.0,-1.0,-1.0
596,0.0,2552.0,2.857,2543.447,0.0,37.0,0.0,37.00199999999999,43.0,29172.0,14764.0,43.0,16739.0,14764.0,11438.0,12493.857142857143,0.0,0.0,-1.0,-1.0,-1000.0,-1.0,-1.0,-1.0,-1.0
597,0.0,2552.0,2.857,2546.304,0.0,37.0,0.0,37.00199999999999,40.0,29172.0,14804.0,40.0,16739.0,14804.0,11438.0,12549.42857142857,0.0,0.0,-1.0,-1.0,-1000.0,-1.0,-1.0,-1.0,-1.0
598,0.0,2552.0,2.857,2549.161,0.0,37.0,0.0,37.00199999999999,37.0,29431.0,14841.0,37.0,16826.0,14841.0,12605.0,12605.0,0.0,0.0,-1.0,-1.0,-1000.0,-1.0,-1.0,-1.0,-1.0
599,0.0,2552.0,2.857,2552.018,0.0,37.0,0.0,37.00199999999999,40.0,29431.0,14881.0,40.0,16826.0,14881.0,12605.0,12623.285714285714,0.0,0.0,-1.0,-1.0,-1000.0,-1.0,-1.0,-1.0,-1.0
600,16.0,2568.0,2.286,2554.304,0.0,37.0,0.0,37.00199999999999,43.0,29431.0,14924.0,43.0,16826.0,14924.0,12605.0,12641.57142857143,0.0,0.0,-1.0,-1.0,-1000.0,-1.0,-1.0,-1.0,-1.0
601,0.0,2568.0,2.286,2556.59,0.0,37.0,0.0,37.00199999999999,45.0,29431.0,14969.0,45.0,16826.0,14969.0,12605.0,12659.857142857143,0.0,0.0,-1.0,-1.0,-1000.0,-1.0,-1.0,-1.0,-1.0
602,0.0,2568.0,2.286,2558.876,0.0,37.0,0.0,37.00199999999999,48.0,29431.0,15017.0,48.0,16826.0,15017.0,12605.0,12678.142857142857,0.0,0.0,-1.0,-1.0,-1000.0,-1.0,-1.0,-1.0,-1.0
603,0.0,2568.0,2.286,2561.162,0.0,37.0,0.0,37.00199999999999,51.0,29431.0,15068.0,51.0,16826.0,15068.0,12605.0,12696.42857142857,0.0,0.0,-1.0,-1.0,-1000.0,-1.0,-1.0,-1.0,-1.0
604,0.0,2568.0,2.286,2563.448,0.0,37.0,0.0,37.00199999999999,54.0,29431.0,15122.0,54.0,16826.0,15122.0,12605.0,12714.714285714286,0.0,0.0,-1.0,-1.0,-1000.0,-1.0,-1.0,-1.0,-1.0
605,0.0,2568.0,2.286,2565.734,0.0,37.0,0.0,37.00199999999999,57.0,29828.0,15179.0,57.0,17095.0,15179.0,12733.0,12733.0,0.0,0.0,-1.0,-1.0,-1000.0,-1.0,-1.0,-1.0,-1.0
606,0.0,2568.0,2.286,2568.02,0.0,37.0,0.0,37.00199999999999,98.0,29828.0,15277.0,98.0,17095.0,15277.0,12733.0,12888.857142857143,0.0,0.0,-1.0,-1.0,-1000.0,-1.0,-1.0,-1.0,-1.0
607,0.0,2568.0,0.0,2568.02,0.0,37.0,0.0,37.00199999999999,139.0,29828.0,15416.0,139.0,17095.0,15416.0,12733.0,13044.714285714286,0.0,0.0,-1.0,-1.0,-1000.0,-1.0,-1.0,-1.0,-1.0
608,0.0,2568.0,0.0,2568.02,0.0,37.0,0.0,37.00199999999999,179.0,29828.0,15595.0,179.0,17095.0,15595.0,12733.0,13200.57142857143,0.0,0.0,-1.0,-1.0,-1000.0,-1.0,-1.0,-1.0,-1.0
609,0.0,2568.0,0.0,2568.02,0.0,37.0,0.0,37.00199999999999,220.0,29828.0,15815.0,220.0,17095.0,15815.0,12733.0,13356.42857142857,0.0,0.0,-1.0,-1.0,-1000.0,-1.0,-1.0,-1.0,-1.0
610,0.0,2568.0,0.0,2568.02,0.0,37.0,0.0,37.00199999999999,261.0,29828.0,16076.0,261.0,17095.0,16076.0,12733.0,13512.285714285714,0.0,0.0,-1.0,-1.0,-1000.0,-1.0,-1.0,-1.0,-1.0
611,0.0,2568.0,0.0,2568.02,0.0,37.0,0.0,37.00199999999999,302.0,29828.0,16378.0,302.0,17095.0,16378.0,12733.0,13668.142857142857,0.0,0.0,-1.0,-1.0,-1000.0,-1.0,-1.0,-1.0,-1.0
612,0.0,2568.0,0.0,2568.02,0.0,37.0,0.0,37.00199999999999,343.0,32229.0,16721.0,343.0,17095.0,16721.0,13824.0,13824.0,0.0,0.0,-1.0,-1.0,-1000.0,-1.0,-1.0,-1.0,-1.0
613,0.0,2568.0,0.0,2568.02,0.0,37.0,0.0,37.00199999999999,295.0,32229.0,17016.0,295.0,17095.0,17016.0,13824.0,13878.047619047618,0.0,0.0,-1.0,-1.0,-1000.0,-1.0,-1.0,-1.0,-1.0
614,72.0,2640.0,10.286,2578.306,0.0,37.0,0.0,37.00199999999999,247.0,32229.0,17263.0,247.0,17095.0,17263.0,13824.0,13932.09523809524,0.0,0.0,-1.0,-1.0,-1000.0,-1.0,-1.0,-1.0,-1.0
615,0.0,2640.0,10.286,2588.592,0.0,37.0,0.0,37.00199999999999,199.0,32229.0,17462.0,199.0,17095.0,17462.0,13824.0,13986.142857142857,0.0,0.0,-1.0,-1.0,-1000.0,-1.0,-1.0,-1.0,-1.0
616,0.0,2640.0,10.286,2598.878,0.0,37.0,0.0,37.00199999999999,152.0,32229.0,17614.0,152.0,17095.0,17614.0,13824.0,14040.190476190475,0.0,0.0,-1.0,-1.0,-1000.0,-1.0,-1.0,-1.0,-1.0
617,0.0,2640.0,10.286,2609.164,0.0,37.0,0.0,37.00199999999999,104.0,32229.0,17718.0,104.0,17095.0,17718.0,13824.0,14094.238095238095,0.0,0.0,-1.0,-1.0,-1000.0,-1.0,-1.0,-1.0,-1.0
618,0.0,2640.0,10.286,2619.4500000000003,0.0,37.0,0.0,37.00199999999999,56.0,32229.0,17774.0,56.0,17095.0,17774.0,13824.0,14148.285714285714,0.0,0.0,-1.0,-1.0,-1000.0,-1.0,-1.0,-1.0,-1.0
619,0.0,2640.0,10.286,2629.7360000000003,0.0,37.0,0.0,37.00199999999999,8.0,32229.0,17782.0,8.0,17095.0,17782.0,13824.0,14202.333333333334,0.0,0.0,-1.0,-1.0,-1000.0,-1.0,-1.0,-1.0,-1.0
620,0.0,2640.0,10.286,2640.0220000000004,0.0,37.0,0.0,37.00199999999999,8.0,32229.0,17790.0,8.0,17095.0,17790.0,13824.0,14256.380952380952,0.0,0.0,-1.0,-1.0,-1000.0,-1.0,-1.0,-1.0,-1.0
621,2.0,2642.0,0.286,2640.3080000000004,0.0,37.0,0.0,37.00199999999999,8.0,32229.0,17798.0,8.0,17095.0,17798.0,13824.0,14310.42857142857,0.0,0.0,-1.0,-1.0,-1000.0,-1.0,-1.0,-1.0,-1.0
622,0.0,2642.0,0.286,2640.5940000000005,0.0,37.0,0.0,37.00199999999999,8.0,32229.0,17806.0,8.0,17095.0,17806.0,13824.0,14364.47619047619,0.0,0.0,-1.0,-1.0,-1000.0,-1.0,-1.0,-1.0,-1.0
623,0.0,2642.0,0.286,2640.880000000001,0.0,37.0,0.0,37.00199999999999,8.0,32229.0,17814.0,8.0,17095.0,17814.0,13824.0,14418.52380952381,0.0,0.0,-1.0,-1.0,-1000.0,-1.0,-1.0,-1.0,-1.0
624,0.0,2642.0,0.286,2641.1660000000006,0.0,37.0,0.0,37.00199999999999,8.0,32229.0,17822.0,8.0,17095.0,17822.0,13824.0,14472.57142857143,0.0,0.0,-1.0,-1.0,-1000.0,-1.0,-1.0,-1.0,-1.0
625,0.0,2642.0,0.286,2641.4520000000007,0.0,37.0,0.0,37.00199999999999,8.0,32229.0,17830.0,8.0,17095.0,17830.0,13824.0,14526.619047619048,0.0,0.0,-1.0,-1.0,-1000.0,-1.0,-1.0,-1.0,-1.0
626,0.0,2642.0,0.286,2641.7380000000007,0.0,37.0,0.0,37.00199999999999,8.0,32229.0,17838.0,8.0,17095.0,17838.0,13824.0,14580.666666666666,0.0,0.0,-1.0,-1.0,-1000.0,-1.0,-1.0,-1.0,-1.0
627,0.0,2642.0,0.286,2642.024000000001,0.0,37.0,0.0,37.00199999999999,8.0,32229.0,17846.0,8.0,17095.0,17846.0,13824.0,14634.714285714286,0.0,0.0,-1.0,-1.0,-1000.0,-1.0,-1.0,-1.0,-1.0
628,0.0,2642.0,0.0,2642.024000000001,0.0,37.0,0.0,37.00199999999999,8.0,32229.0,17854.0,8.0,17095.0,17854.0,13824.0,14688.761904761905,0.0,0.0,-1.0,-1.0,-1000.0,-1.0,-1.0,-1.0,-1.0
629,0.0,2642.0,0.0,2642.024000000001,0.0,37.0,0.0,37.00199999999999,8.0,32229.0,17862.0,8.0,17095.0,17862.0,13824.0,14742.809523809525,0.0,0.0,-1.0,-1.0,-1000.0,-1.0,-1.0,-1.0,-1.0
630,0.0,2642.0,0.0,2642.024000000001,0.0,37.0,0.0,37.00199999999999,8.0,32229.0,17870.0,8.0,17095.0,17870.0,13824.0,14796.857142857143,0.0,0.0,-1.0,-1.0,-1000.0,-1.0,-1.0,-1.0,-1.0
631,0.0,2642.0,0.0,2642.024000000001,0.0,37.0,0.0,37.00199999999999,8.0,32229.0,17878.0,8.0,17095.0,17878.0,13824.0,14850.90476190476,0.0,0.0,-1.0,-1.0,-1000.0,-1.0,-1.0,-1.0,-1.0
632,0.0,2642.0,0.0,2642.024000000001,0.0,37.0,0.0,37.00199999999999,8.0,32229.0,17886.0,8.0,17095.0,17886.0,13824.0,14904.952380952382,0.0,0.0,-1.0,-1.0,-1000.0,-1.0,-1.0,-1.0,-1.0
633,0.0,2642.0,0.0,2642.024000000001,0.0,37.0,0.0,37.00199999999999,8.0,32398.0,17894.0,8.0,17439.0,17894.0,14959.0,14959.0,0.0,0.0,-1.0,-1.0,-1000.0,-1.0,-1.0,-1.0,-1.0
634,0.0,2642.0,0.0,2642.024000000001,0.0,37.0,0.0,37.00199999999999,18.0,32398.0,17912.0,18.0,17439.0,17912.0,14959.0,15016.285714285714,0.0,0.0,-1.0,-1.0,-1000.0,-1.0,-1.0,-1.0,-1.0
635,34.0,2676.0,4.857,2646.8810000000008,0.0,37.0,0.0,37.00199999999999,27.0,32398.0,17939.0,27.0,17439.0,17939.0,14959.0,15073.57142857143,0.0,0.0,-1.0,-1.0,-1000.0,-1.0,-1.0,-1.0,-1.0
636,0.0,2676.0,4.857,2651.7380000000007,0.0,37.0,0.0,37.00199999999999,37.0,32398.0,17976.0,37.0,17439.0,17976.0,14959.0,15130.857142857143,0.0,0.0,-1.0,-1.0,-1000.0,-1.0,-1.0,-1.0,-1.0
637,0.0,2676.0,4.857,2656.5950000000007,0.0,37.0,0.0,37.00199999999999,47.0,32398.0,18023.0,47.0,17439.0,18023.0,14959.0,15188.142857142857,0.0,0.0,-1.0,-1.0,-1000.0,-1.0,-1.0,-1.0,-1.0
638,0.0,2676.0,4.857,2661.4520000000007,0.0,37.0,0.0,37.00199999999999,57.0,32398.0,18080.0,57.0,17439.0,18080.0,14959.0,15245.42857142857,0.0,0.0,-1.0,-1.0,-1000.0,-1.0,-1.0,-1.0,-1.0
639,0.0,2676.0,4.857,2666.3090000000007,0.0,37.0,0.0,37.00199999999999,66.0,32398.0,18146.0,66.0,17439.0,18146.0,14959.0,15302.714285714286,0.0,0.0,-1.0,-1.0,-1000.0,-1.0,-1.0,-1.0,-1.0
640,0.0,2676.0,4.857,2671.1660000000006,0.0,37.0,0.0,37.00199999999999,76.0,32930.0,18222.0,76.0,17570.0,18222.0,15360.0,15360.0,0.0,0.0,-1.0,-1.0,-1000.0,-1.0,-1.0,-1.0,-1.0
641,0.0,2676.0,4.857,2676.0230000000006,0.0,37.0,0.0,37.00199999999999,68.0,32930.0,18290.0,68.0,17570.0,18290.0,15360.0,15375.42857142857,0.0,0.0,-1.0,-1.0,-1000.0,-1.0,-1.0,-1.0,-1.0
642,42.0,2718.0,6.0,2682.0230000000006,0.0,37.0,0.0,37.00199999999999,60.0,32930.0,18350.0,60.0,17570.0,18350.0,15360.0,15390.857142857143,0.0,0.0,-1.0,-1.0,-1000.0,-1.0,-1.0,-1.0,-1.0
643,0.0,2718.0,6.0,2688.0230000000006,0.0,37.0,0.0,37.00199999999999,52.0,32930.0,18402.0,52.0,17570.0,18402.0,15360.0,15406.285714285714,0.0,0.0,-1.0,-1.0,-1000.0,-1.0,-1.0,-1.0,-1.0
644,0.0,2718.0,6.0,2694.0230000000006,0.0,37.0,0.0,37.00199999999999,44.0,32930.0,18446.0,44.0,17570.0,18446.0,15360.0,15421.714285714286,0.0,0.0,-1.0,-1.0,-1000.0,-1.0,-1.0,-1.0,-1.0
645,0.0,2718.0,6.0,2700.0230000000006,0.0,37.0,0.0,37.00199999999999,37.0,32930.0,18483.0,37.0,17570.0,18483.0,15360.0,15437.142857142857,0.0,0.0,-1.0,-1.0,-1000.0,-1.0,-1.0,-1.0,-1.0
646,0.0,2718.0,6.0,2706.0230000000006,0.0,37.0,0.0,37.00199999999999,29.0,32930.0,18512.0,29.0,17570.0,18512.0,15360.0,15452.57142857143,0.0,0.0,-1.0,-1.0,-1000.0,-1.0,-1.0,-1.0,-1.0
647,0.0,2718.0,6.0,2712.0230000000006,0.0,37.0,0.0,37.00199999999999,21.0,33075.0,18533.0,21.0,17607.0,18533.0,15468.0,15468.0,0.0,0.0,-1.0,-1.0,-1000.0,-1.0,-1.0,-1.0,-1.0
648,0.0,2718.0,6.0,2718.0230000000006,0.0,37.0,0.0,37.00199999999999,22.0,33075.0,18555.0,22.0,17607.0,18555.0,15468.0,15489.0,0.0,0.0,-1.0,-1.0,-1000.0,-1.0,-1.0,-1.0,-1.0
649,7.0,2725.0,1.0,2719.0230000000006,0.0,37.0,0.0,37.00199999999999,24.0,33075.0,18579.0,24.0,17607.0,18579.0,15468.0,15510.0,0.0,0.0,-1.0,-1.0,-1000.0,-1.0,-1.0,-1.0,-1.0
650,0.0,2725.0,1.0,2720.0230000000006,0.0,37.0,0.0,37.00199999999999,26.0,33075.0,18605.0,26.0,17607.0,18605.0,15468.0,15531.0,0.0,0.0,-1.0,-1.0,-1000.0,-1.0,-1.0,-1.0,-1.0
651,0.0,2725.0,1.0,2721.0230000000006,0.0,37.0,0.0,37.00199999999999,27.0,33075.0,18632.0,27.0,17607.0,18632.0,15468.0,15552.0,0.0,0.0,-1.0,-1.0,-1000.0,-1.0,-1.0,-1.0,-1.0
652,0.0,2725.0,1.0,2722.0230000000006,0.0,37.0,0.0,37.00199999999999,29.0,33075.0,18661.0,29.0,17607.0,18661.0,15468.0,15573.0,0.0,0.0,-1.0,-1.0,-1000.0,-1.0,-1.0,-1.0,-1.0
653,0.0,2725.0,1.0,2723.0230000000006,0.0,37.0,0.0,37.00199999999999,31.0,33075.0,18692.0,31.0,17607.0,18692.0,15468.0,15594.0,0.0,0.0,-1.0,-1.0,-1000.0,-1.0,-1.0,-1.0,-1.0
654,0.0,2725.0,1.0,2724.0230000000006,0.0,37.0,0.0,37.00199999999999,32.0,33075.0,18724.0,32.0,17607.0,18724.0,15468.0,15615.0,0.0,0.0,-1.0,-1.0,-1000.0,-1.0,-1.0,-1.0,-1.0
655,0.0,2725.0,1.0,2725.0230000000006,0.0,37.0,0.0,37.00199999999999,32.0,33075.0,18756.0,32.0,17607.0,18756.0,15468.0,15636.0,0.0,0.0,-1.0,-1.0,-1000.0,-1.0,-1.0,-1.0,-1.0
656,0.0,2725.0,0.0,2725.0230000000006,0.0,37.0,0.0,37.00199999999999,32.0,33075.0,18788.0,32.0,17607.0,18788.0,15468.0,15657.0,0.0,0.0,-1.0,-1.0,-1000.0,-1.0,-1.0,-1.0,-1.0
657,0.0,2725.0,0.0,2725.0230000000006,0.0,37.0,0.0,37.00199999999999,32.0,33075.0,18820.0,32.0,17607.0,18820.0,15468.0,15678.0,0.0,0.0,-1.0,-1.0,-1000.0,-1.0,-1.0,-1.0,-1.0
658,0.0,2725.0,0.0,2725.0230000000006,0.0,37.0,0.0,37.00199999999999,32.0,33075.0,18852.0,32.0,17607.0,18852.0,15468.0,15699.0,0.0,0.0,-1.0,-1.0,-1000.0,-1.0,-1.0,-1.0,-1.0
659,0.0,2725.0,0.0,2725.0230000000006,0.0,37.0,0.0,37.00199999999999,32.0,33075.0,18884.0,32.0,17607.0,18884.0,15468.0,15720.0,0.0,0.0,-1.0,-1.0,-1000.0,-1.0,-1.0,-1.0,-1.0
660,0.0,2725.0,0.0,2725.0230000000006,0.0,37.0,0.0,37.00199999999999,32.0,33075.0,18916.0,32.0,17607.0,18916.0,15468.0,15741.0,0.0,0.0,-1.0,-1.0,-1000.0,-1.0,-1.0,-1.0,-1.0
661,0.0,2725.0,0.0,2725.0230000000006,0.0,37.0,0.0,37.00199999999999,32.0,33527.0,18948.0,32.0,17765.0,18948.0,15762.0,15762.0,0.0,0.0,-1.0,-1.0,-1000.0,-1.0,-1.0,-1.0,-1.0
662,0.0,2725.0,0.0,2725.0230000000006,0.0,37.0,0.0,37.00199999999999,35.0,33527.0,18983.0,35.0,17765.0,18983.0,15762.0,15791.714285714286,0.0,0.0,-1.0,-1.0,-1000.0,-1.0,-1.0,-1.0,-1.0
663,0.0,2725.0,0.0,2725.0230000000006,0.0,37.0,0.0,37.00199999999999,37.0,33527.0,19020.0,37.0,17765.0,19020.0,15762.0,15821.42857142857,0.0,0.0,-1.0,-1.0,-1000.0,-1.0,-1.0,-1.0,-1.0
664,0.0,2725.0,0.0,2725.0230000000006,0.0,37.0,0.0,37.00199999999999,40.0,33527.0,19060.0,40.0,17765.0,19060.0,15762.0,15851.142857142857,0.0,0.0,-1.0,-1.0,-1000.0,-1.0,-1.0,-1.0,-1.0
665,0.0,2725.0,0.0,2725.0230000000006,0.0,37.0,0.0,37.00199999999999,42.0,33527.0,19102.0,42.0,17765.0,19102.0,15762.0,15880.857142857143,0.0,0.0,-1.0,-1.0,-1000.0,-1.0,-1.0,-1.0,-1.0
666,0.0,2725.0,0.0,2725.0230000000006,0.0,37.0,0.0,37.00199999999999,44.0,33527.0,19146.0,44.0,17765.0,19146.0,15762.0,15910.57142857143,0.0,0.0,-1.0,-1.0,-1000.0,-1.0,-1.0,-1.0,-1.0
667,0.0,2725.0,0.0,2725.0230000000006,0.0,37.0,0.0,37.00199999999999,47.0,33527.0,19193.0,47.0,17765.0,19193.0,15762.0,15940.285714285714,0.0,0.0,-1.0,-1.0,-1000.0,-1.0,-1.0,-1.0,-1.0
668,0.0,2725.0,0.0,2725.0230000000006,0.0,37.0,0.0,37.00199999999999,49.0,33872.0,19242.0,49.0,17902.0,19242.0,15970.0,15970.0,0.0,0.0,-1.0,-1.0,-1000.0,-1.0,-1.0,-1.0,-1.0
669,0.0,2725.0,0.0,2725.0230000000006,0.0,37.0,0.0,37.00199999999999,53.0,33872.0,19295.0,53.0,17902.0,19295.0,15970.0,16022.285714285714,0.0,0.0,-1.0,-1.0,-1000.0,-1.0,-1.0,-1.0,-1.0
670,0.0,2725.0,0.0,2725.0230000000006,0.0,37.0,0.0,37.00199999999999,56.0,33872.0,19351.0,56.0,17902.0,19351.0,15970.0,16074.57142857143,0.0,0.0,-1.0,-1.0,-1000.0,-1.0,-1.0,-1.0,-1.0
671,0.0,2725.0,0.0,2725.0230000000006,0.0,37.0,0.0,37.00199999999999,59.0,33872.0,19410.0,59.0,17902.0,19410.0,15970.0,16126.857142857143,0.0,0.0,-1.0,-1.0,-1000.0,-1.0,-1.0,-1.0,-1.0
672,0.0,2725.0,0.0,2725.0230000000006,0.0,37.0,0.0,37.00199999999999,62.0,33872.0,19472.0,62.0,17902.0,19472.0,15970.0,16179.142857142857,0.0,0.0,-1.0,-1.0,-1000.0,-1.0,-1.0,-1.0,-1.0
673,0.0,2725.0,0.0,2725.0230000000006,0.0,37.0,0.0,37.00199999999999,66.0,33872.0,19538.0,66.0,17902.0,19538.0,15970.0,16231.42857142857,0.0,0.0,-1.0,-1.0,-1000.0,-1.0,-1.0,-1.0,-1.0
674,0.0,2725.0,0.0,2725.0230000000006,0.0,37.0,0.0,37.00199999999999,69.0,33872.0,19607.0,69.0,17902.0,19607.0,15970.0,16283.714285714286,0.0,0.0,-1.0,-1.0,-1000.0,-1.0,-1.0,-1.0,-1.0
675,0.0,2725.0,0.0,2725.0230000000006,0.0,37.0,0.0,37.00199999999999,72.0,34377.0,19679.0,72.0,18041.0,19679.0,16336.0,16336.0,0.0,0.0,-1.0,-1.0,-1000.0,-1.0,-1.0,-1.0,-1.0
676,0.0,2725.0,0.0,2725.0230000000006,0.0,37.0,0.0,37.00199999999999,67.0,34377.0,19746.0,67.0,18041.0,19746.0,16336.0,16355.285714285714,0.0,0.0,-1.0,-1.0,-1000.0,-1.0,-1.0,-1.0,-1.0
677,0.0,2725.0,0.0,2725.0230000000006,0.0,37.0,0.0,37.00199999999999,61.0,34377.0,19807.0,61.0,18041.0,19807.0,16336.0,16374.57142857143,0.0,0.0,-1.0,-1.0,-1000.0,-1.0,-1.0,-1.0,-1.0
678,0.0,2725.0,0.0,2725.0230000000006,0.0,37.0,0.0,37.00199999999999,55.0,34377.0,19862.0,55.0,18041.0,19862.0,16336.0,16393.85714285714,0.0,0.0,-1.0,-1.0,-1000.0,-1.0,-1.0,-1.0,-1.0
679,0.0,2725.0,0.0,2725.0230000000006,0.0,37.0,0.0,37.00199999999999,50.0,34377.0,19912.0,50.0,18041.0,19912.0,16336.0,16413.14285714286,0.0,0.0,-1.0,-1.0,-1000.0,-1.0,-1.0,-1.0,-1.0
680,0.0,2725.0,0.0,2725.0230000000006,0.0,37.0,0.0,37.00199999999999,44.0,34377.0,19956.0,44.0,18041.0,19956.0,16336.0,16432.428571428572,0.0,0.0,-1.0,-1.0,-1000.0,-1.0,-1.0,-1.0,-1.0
681,0.0,2725.0,0.0,2725.0230000000006,0.0,37.0,0.0,37.00199999999999,39.0,34377.0,19995.0,39.0,18041.0,19995.0,16336.0,16451.714285714286,0.0,0.0,-1.0,-1.0,-1000.0,-1.0,-1.0,-1.0,-1.0
682,0.0,2725.0,0.0,2725.0230000000006,0.0,37.0,0.0,37.00199999999999,33.0,34608.0,20028.0,33.0,18137.0,20028.0,16471.0,16471.0,0.0,0.0,-1.0,-1.0,-1000.0,-1.0,-1.0,-1.0,-1.0
683,0.0,2725.0,0.0,2725.0230000000006,0.0,37.0,0.0,37.00199999999999,31.0,34608.0,20059.0,31.0,18137.0,20059.0,16471.0,16481.529411764706,0.0,0.0,-1.0,-1.0,-1000.0,-1.0,-1.0,-1.0,-1.0
684,20.0,2745.0,2.857,2727.880000000001,1.0,38.0,0.143,37.14499999999999,29.0,34608.0,20088.0,29.0,18137.0,20088.0,16471.0,16492.058823529413,0.0,0.0,-1.0,-1.0,-1000.0,-1.0,-1.0,-1.0,-1.0
685,0.0,2745.0,2.857,2730.7370000000005,0.0,38.0,0.143,37.28799999999999,26.0,34608.0,20114.0,26.0,18137.0,20114.0,16471.0,16502.58823529412,0.0,0.0,-1.0,-1.0,-1000.0,-1.0,-1.0,-1.0,-1.0
686,0.0,2745.0,2.857,2733.5940000000005,0.0,38.0,0.143,37.43099999999999,24.0,34608.0,20138.0,24.0,18137.0,20138.0,16471.0,16513.117647058825,0.0,0.0,-1.0,-1.0,-1000.0,-1.0,-1.0,-1.0,-1.0
687,0.0,2745.0,2.857,2736.4510000000005,0.0,38.0,0.143,37.57399999999999,22.0,34608.0,20160.0,22.0,18137.0,20160.0,16471.0,16523.647058823528,0.0,0.0,-1.0,-1.0,-1000.0,-1.0,-1.0,-1.0,-1.0
688,0.0,2745.0,2.857,2739.3080000000004,0.0,38.0,0.143,37.71699999999999,20.0,34608.0,20180.0,20.0,18137.0,20180.0,16471.0,16534.176470588234,0.0,0.0,-1.0,-1.0,-1000.0,-1.0,-1.0,-1.0,-1.0
689,0.0,2745.0,2.857,2742.1650000000004,0.0,38.0,0.143,37.85999999999999,18.0,34608.0,20198.0,18.0,18137.0,20198.0,16471.0,16544.70588235294,0.0,0.0,-1.0,-1.0,-1000.0,-1.0,-1.0,-1.0,-1.0
690,0.0,2745.0,2.857,2745.0220000000004,0.0,38.0,0.143,38.00299999999999,18.0,34608.0,20216.0,18.0,18137.0,20216.0,16471.0,16555.235294117647,0.0,0.0,-1.0,-1.0,-1000.0,-1.0,-1.0,-1.0,-1.0
691,20.0,2765.0,2.857,2747.8790000000004,0.0,38.0,0.0,38.00299999999999,18.0,34608.0,20234.0,18.0,18137.0,20234.0,16471.0,16565.764705882353,0.0,0.0,-1.0,-1.0,-1000.0,-1.0,-1.0,-1.0,-1.0
692,0.0,2765.0,2.857,2750.7360000000003,0.0,38.0,0.0,38.00299999999999,18.0,34608.0,20252.0,18.0,18137.0,20252.0,16471.0,16576.29411764706,0.0,0.0,-1.0,-1.0,-1000.0,-1.0,-1.0,-1.0,-1.0
693,0.0,2765.0,2.857,2753.5930000000003,0.0,38.0,0.0,38.00299999999999,18.0,34608.0,20270.0,18.0,18137.0,20270.0,16471.0,16586.823529411766,0.0,0.0,-1.0,-1.0,-1000.0,-1.0,-1.0,-1.0,-1.0
694,0.0,2765.0,2.857,2756.4500000000003,0.0,38.0,0.0,38.00299999999999,18.0,34608.0,20288.0,18.0,18137.0,20288.0,16471.0,16597.352941176472,0.0,0.0,-1.0,-1.0,-1000.0,-1.0,-1.0,-1.0,-1.0
695,0.0,2765.0,2.857,2759.307,0.0,38.0,0.0,38.00299999999999,18.0,34608.0,20306.0,18.0,18137.0,20306.0,16471.0,16607.882352941175,0.0,0.0,-1.0,-1.0,-1000.0,-1.0,-1.0,-1.0,-1.0
696,0.0,2765.0,2.857,2762.164,0.0,38.0,0.0,38.00299999999999,18.0,34608.0,20324.0,18.0,18137.0,20324.0,16471.0,16618.41176470588,0.0,0.0,-1.0,-1.0,-1000.0,-1.0,-1.0,-1.0,-1.0
697,0.0,2765.0,2.857,2765.021,0.0,38.0,0.0,38.00299999999999,18.0,34608.0,20342.0,18.0,18137.0,20342.0,16471.0,16628.941176470587,0.0,0.0,-1.0,-1.0,-1000.0,-1.0,-1.0,-1.0,-1.0
698,8.0,2773.0,1.143,2766.164,0.0,38.0,0.0,38.00299999999999,18.0,34608.0,20360.0,18.0,18137.0,20360.0,16471.0,16639.470588235294,0.0,0.0,-1.0,-1.0,-1000.0,-1.0,-1.0,-1.0,-1.0
699,0.0,2773.0,1.143,2767.307,0.0,38.0,0.0,38.00299999999999,18.0,34909.0,20378.0,18.0,18259.0,20378.0,16650.0,16650.0,0.0,0.0,-1.0,-1.0,-1000.0,-1.0,-1.0,-1.0,-1.0
700,0.0,2773.0,1.143,2768.4500000000003,0.0,38.0,0.0,38.00299999999999,18.0,34909.0,20396.0,18.0,18259.0,20396.0,16650.0,16663.5,0.0,0.0,-1.0,-1.0,-1000.0,-1.0,-1.0,-1.0,-1.0
701,0.0,2773.0,1.143,2769.5930000000003,0.0,38.0,0.0,38.00299999999999,19.0,34909.0,20415.0,19.0,18259.0,20415.0,16650.0,16677.0,0.0,0.0,-1.0,-1.0,-1000.0,-1.0,-1.0,-1.0,-1.0
702,0.0,2773.0,1.143,2770.7360000000003,0.0,38.0,0.0,38.00299999999999,19.0,34909.0,20434.0,19.0,18259.0,20434.0,16650.0,16690.5,0.0,0.0,-1.0,-1.0,-1000.0,-1.0,-1.0,-1.0,-1.0
703,0.0,2773.0,1.143,2771.8790000000004,0.0,38.0,0.0,38.00299999999999,19.0,34992.0,20453.0,19.0,18288.0,20453.0,16704.0,16704.0,0.0,0.0,-1.0,-1.0,-1000.0,-1.0,-1.0,-1.0,-1.0
704,0.0,2773.0,1.143,2773.0220000000004,0.0,38.0,0.0,38.00299999999999,19.0,34992.0,20472.0,19.0,18288.0,20472.0,16704.0,16716.214285714286,0.0,0.0,-1.0,-1.0,-1000.0,-1.0,-1.0,-1.0,-1.0
705,43.0,2816.0,6.143,2779.1650000000004,0.0,38.0,0.0,38.00299999999999,19.0,34992.0,20491.0,19.0,18288.0,20491.0,16704.0,16728.428571428572,0.0,0.0,-1.0,-1.0,-1000.0,-1.0,-1.0,-1.0,-1.0
706,0.0,2816.0,6.143,2785.3080000000004,0.0,38.0,0.0,38.00299999999999,19.0,34992.0,20510.0,19.0,18288.0,20510.0,16704.0,16740.64285714286,0.0,0.0,-1.0,-1.0,-1000.0,-1.0,-1.0,-1.0,-1.0
707,0.0,2816.0,6.143,2791.4510000000005,0.0,38.0,0.0,38.00299999999999,19.0,34992.0,20529.0,19.0,18288.0,20529.0,16704.0,16752.85714285714,0.0,0.0,-1.0,-1.0,-1000.0,-1.0,-1.0,-1.0,-1.0
708,0.0,2816.0,6.143,2797.5940000000005,0.0,38.0,0.0,38.00299999999999,18.0,34992.0,20547.0,18.0,18288.0,20547.0,16704.0,16765.071428571428,0.0,0.0,-1.0,-1.0,-1000.0,-1.0,-1.0,-1.0,-1.0
709,0.0,2816.0,6.143,2803.7370000000005,0.0,38.0,0.0,38.00299999999999,18.0,34992.0,20565.0,18.0,18288.0,20565.0,16704.0,16777.285714285714,0.0,0.0,-1.0,-1.0,-1000.0,-1.0,-1.0,-1.0,-1.0
710,0.0,2816.0,6.143,2809.880000000001,0.0,38.0,0.0,38.00299999999999,17.0,34992.0,20582.0,17.0,18288.0,20582.0,16704.0,16789.5,0.0,0.0,-1.0,-1.0,-1000.0,-1.0,-1.0,-1.0,-1.0
711,0.0,2816.0,6.143,2816.0230000000006,0.0,38.0,0.0,38.00299999999999,17.0,34992.0,20599.0,17.0,18288.0,20599.0,16704.0,16801.714285714286,0.0,0.0,-1.0,-1.0,-1000.0,-1.0,-1.0,-1.0,-1.0
712,26.0,2842.0,3.714,2819.7370000000005,1.0,39.0,0.143,38.146,17.0,34992.0,20616.0,17.0,18288.0,20616.0,16704.0,16813.928571428572,0.0,0.0,-1.0,-1.0,-1000.0,-1.0,-1.0,-1.0,-1.0
713,0.0,2842.0,3.714,2823.4510000000005,0.0,39.0,0.143,38.289,17.0,34992.0,20633.0,17.0,18288.0,20633.0,16704.0,16826.14285714286,0.0,0.0,-1.0,-1.0,-1000.0,-1.0,-1.0,-1.0,-1.0
714,0.0,2842.0,3.714,2827.1650000000004,0.0,39.0,0.143,38.432,17.0,34992.0,20650.0,17.0,18288.0,20650.0,16704.0,16838.35714285714,0.0,0.0,-1.0,-1.0,-1000.0,-1.0,-1.0,-1.0,-1.0
715,0.0,2842.0,3.714,2830.8790000000004,0.0,39.0,0.143,38.575,17.0,34992.0,20667.0,17.0,18288.0,20667.0,16704.0,16850.571428571428,0.0,0.0,-1.0,-1.0,-1000.0,-1.0,-1.0,-1.0,-1.0
716,0.0,2842.0,3.714,2834.5930000000003,0.0,39.0,0.143,38.718,17.0,34992.0,20684.0,17.0,18288.0,20684.0,16704.0,16862.785714285714,0.0,0.0,-1.0,-1.0,-1000.0,-1.0,-1.0,-1.0,-1.0
717,0.0,2842.0,3.714,2838.307,0.0,39.0,0.143,38.861,17.0,35232.0,20701.0,17.0,18357.0,20701.0,16875.0,16875.0,0.0,0.0,-1.0,-1.0,-1000.0,-1.0,-1.0,-1.0,-1.0
718,0.0,2842.0,3.714,2842.021,0.0,39.0,0.143,39.004,28.0,35232.0,20729.0,28.0,18357.0,20729.0,16875.0,16896.666666666668,0.0,0.0,-1.0,-1.0,-1000.0,-1.0,-1.0,-1.0,-1.0
719,44.0,2886.0,6.286,2848.307,0.0,39.0,0.0,39.004,39.0,35232.0,20768.0,39.0,18357.0,20768.0,16875.0,16918.333333333332,0.0,0.0,-1.0,-1.0,-1000.0,-1.0,-1.0,-1.0,-1.0
720,0.0,2886.0,6.286,2854.5930000000003,0.0,39.0,0.0,39.004,50.0,35232.0,20818.0,50.0,18357.0,20818.0,16875.0,16940.0,0.0,0.0,-1.0,-1.0,-1000.0,-1.0,-1.0,-1.0,-1.0
721,0.0,2886.0,6.286,2860.8790000000004,0.0,39.0,0.0,39.004,61.0,35232.0,20879.0,61.0,18357.0,20879.0,16875.0,16961.666666666668,0.0,0.0,-1.0,-1.0,-1000.0,-1.0,-1.0,-1.0,-1.0
722,0.0,2886.0,6.286,2867.1650000000004,0.0,39.0,0.0,39.004,72.0,35232.0,20951.0,72.0,18357.0,20951.0,16875.0,16983.333333333332,0.0,0.0,-1.0,-1.0,-1000.0,-1.0,-1.0,-1.0,-1.0
723,0.0,2886.0,6.286,2873.4510000000005,0.0,39.0,0.0,39.004,83.0,35799.0,21034.0,83.0,18432.0,21034.0,17005.0,17005.0,0.0,0.0,-1.0,-1.0,-1000.0,-1.0,-1.0,-1.0,-1.0
724,0.0,2886.0,6.286,2879.7370000000005,0.0,39.0,0.0,39.004,83.0,35799.0,21117.0,83.0,18432.0,21117.0,17005.0,17009.466666666667,0.0,0.0,-1.0,-1.0,-1000.0,-1.0,-1.0,-1.0,-1.0
725,0.0,2886.0,6.286,2886.0230000000006,0.0,39.0,0.0,39.004,71.0,35799.0,21188.0,71.0,18432.0,21188.0,17005.0,17013.933333333334,0.0,0.0,-1.0,-1.0,-1000.0,-1.0,-1.0,-1.0,-1.0
726,185.0,3071.0,26.429,2912.4520000000007,0.0,39.0,0.0,39.004,59.0,35799.0,21247.0,59.0,18432.0,21247.0,17005.0,17018.4,0.0,0.0,-1.0,-1.0,-1000.0,-1.0,-1.0,-1.0,-1.0
727,0.0,3071.0,26.429,2938.8810000000008,0.0,39.0,0.0,39.004,47.0,35799.0,21294.0,47.0,18432.0,21294.0,17005.0,17022.866666666665,0.0,0.0,-1.0,-1.0,-1000.0,-1.0,-1.0,-1.0,-1.0
728,0.0,3071.0,26.429,2965.310000000001,0.0,39.0,0.0,39.004,35.0,35799.0,21329.0,35.0,18432.0,21329.0,17005.0,17027.333333333332,0.0,0.0,-1.0,-1.0,-1000.0,-1.0,-1.0,-1.0,-1.0
729,0.0,3071.0,26.429,2991.739000000001,0.0,39.0,0.0,39.004,23.0,35799.0,21352.0,23.0,18432.0,21352.0,17005.0,17031.8,0.0,0.0,-1.0,-1.0,-1000.0,-1.0,-1.0,-1.0,-1.0
730,0.0,3071.0,26.429,3018.168000000001,0.0,39.0,0.0,39.004,11.0,35799.0,21363.0,11.0,18432.0,21363.0,17005.0,17036.266666666666,0.0,0.0,-1.0,-1.0,-1000.0,-1.0,-1.0,-1.0,-1.0
731,0.0,3071.0,26.429,3044.597000000001,0.0,39.0,0.0,39.004,11.0,35799.0,21374.0,11.0,18432.0,21374.0,17005.0,17040.733333333334,0.0,0.0,-1.0,-1.0,-1000.0,-1.0,-1.0,-1.0,-1.0
732,0.0,3071.0,26.429,3071.026000000001,0.0,39.0,0.0,39.004,11.0,35799.0,21385.0,11.0,18432.0,21385.0,17005.0,17045.2,0.0,0.0,-1.0,-1.0,-1000.0,-1.0,-1.0,-1.0,-1.0
733,421.0,3492.0,60.143,3131.169000000001,0.0,39.0,0.0,39.004,11.0,35799.0,21396.0,11.0,18432.0,21396.0,17005.0,17049.666666666668,0.0,0.0,-1.0,-1.0,-1000.0,-1.0,-1.0,-1.0,-1.0
734,0.0,3492.0,60.143,3191.3120000000013,0.0,39.0,0.0,39.004,11.0,35799.0,21407.0,11.0,18432.0,21407.0,17005.0,17054.133333333335,0.0,0.0,-1.0,-1.0,-1000.0,-1.0,-1.0,-1.0,-1.0
735,0.0,3492.0,60.143,3251.4550000000013,0.0,39.0,0.0,39.004,11.0,35799.0,21418.0,11.0,18432.0,21418.0,17005.0,17058.6,0.0,0.0,-1.0,-1.0,-1000.0,-1.0,-1.0,-1.0,-1.0
736,0.0,3492.0,60.143,3311.5980000000013,0.0,39.0,0.0,39.004,11.0,35799.0,21429.0,11.0,18432.0,21429.0,17005.0,17063.066666666666,0.0,0.0,-1.0,-1.0,-1000.0,-1.0,-1.0,-1.0,-1.0
737,0.0,3492.0,60.143,3371.7410000000013,0.0,39.0,0.0,39.004,11.0,35799.0,21440.0,11.0,18432.0,21440.0,17005.0,17067.533333333333,0.0,0.0,-1.0,-1.0,-1000.0,-1.0,-1.0,-1.0,-1.0
738,0.0,3492.0,60.143,3431.8840000000014,0.0,39.0,0.0,39.004,11.0,35970.0,21451.0,11.0,18536.0,21451.0,17072.0,17072.0,0.0,0.0,-1.0,-1.0,-1000.0,-1.0,-1.0,-1.0,-1.0
739,0.0,3492.0,60.143,3492.0270000000014,0.0,39.0,0.0,39.004,13.0,35970.0,21464.0,13.0,18536.0,21464.0,17072.0,17078.714285714286,0.0,0.0,-1.0,-1.0,-1000.0,-1.0,-1.0,-1.0,-1.0
740,715.0,4207.0,102.143,3594.170000000001,1.0,40.0,0.143,39.147,15.0,35970.0,21479.0,15.0,18536.0,21479.0,17072.0,17085.428571428572,0.0,0.0,-1.0,-1.0,-1000.0,-1.0,-1.0,-1.0,-1.0
741,0.0,4207.0,102.143,3696.3130000000015,0.0,40.0,0.143,39.29,17.0,35970.0,21496.0,17.0,18536.0,21496.0,17072.0,17092.14285714286,0.0,0.0,-1.0,-1.0,-1000.0,-1.0,-1.0,-1.0,-1.0
742,0.0,4207.0,102.143,3798.4560000000015,0.0,40.0,0.143,39.433,18.0,35970.0,21514.0,18.0,18536.0,21514.0,17072.0,17098.85714285714,0.0,0.0,-1.0,-1.0,-1000.0,-1.0,-1.0,-1.0,-1.0
743,0.0,4207.0,102.143,3900.5990000000015,0.0,40.0,0.143,39.576,20.0,35970.0,21534.0,20.0,18536.0,21534.0,17072.0,17105.571428571428,0.0,0.0,-1.0,-1.0,-1000.0,-1.0,-1.0,-1.0,-1.0
744,0.0,4207.0,102.143,4002.7420000000016,0.0,40.0,0.143,39.719,22.0,35970.0,21556.0,22.0,18536.0,21556.0,17072.0,17112.285714285714,0.0,0.0,-1.0,-1.0,-1000.0,-1.0,-1.0,-1.0,-1.0
745,0.0,4207.0,102.143,4104.885000000001,0.0,40.0,0.143,39.862,23.0,36134.0,21579.0,23.0,18653.0,21579.0,17119.0,17119.0,0.0,0.0,-1.0,-1.0,-1000.0,-1.0,-1.0,-1.0,-1.0
746,0.0,4207.0,102.143,4207.028000000001,0.0,40.0,0.143,40.005,23.0,36134.0,21602.0,23.0,18653.0,21602.0,17119.0,17130.571428571428,0.0,0.0,-1.0,-1.0,-1000.0,-1.0,-1.0,-1.0,-1.0
747,1048.0,5255.0,149.714,4356.742000000001,2.0,42.0,0.286,40.291,23.0,36134.0,21625.0,23.0,18653.0,21625.0,17119.0,17142.14285714286,0.0,0.0,-1.0,-1.0,-1000.0,-1.0,-1.0,-1.0,-1.0
748,0.0,5255.0,149.714,4506.456000000001,0.0,42.0,0.286,40.577000000000005,23.0,36134.0,21648.0,23.0,18653.0,21648.0,17119.0,17153.714285714286,0.0,0.0,-1.0,-1.0,-1000.0,-1.0,-1.0,-1.0,-1.0
749,0.0,5255.0,149.714,4656.170000000001,0.0,42.0,0.286,40.86300000000001,23.0,36134.0,21671.0,23.0,18653.0,21671.0,17119.0,17165.285714285714,0.0,0.0,-1.0,-1.0,-1000.0,-1.0,-1.0,-1.0,-1.0
750,0.0,5255.0,149.714,4805.884000000001,0.0,42.0,0.286,41.14900000000001,23.0,36134.0,21694.0,23.0,18653.0,21694.0,17119.0,17176.85714285714,0.0,0.0,-1.0,-1.0,-1000.0,-1.0,-1.0,-1.0,-1.0
751,0.0,5255.0,149.714,4955.598000000001,0.0,42.0,0.286,41.43500000000001,22.0,36134.0,21716.0,22.0,18653.0,21716.0,17119.0,17188.428571428572,0.0,0.0,-1.0,-1.0,-1000.0,-1.0,-1.0,-1.0,-1.0
752,0.0,5255.0,149.714,5105.312000000001,0.0,42.0,0.286,41.72100000000001,22.0,36290.0,21738.0,22.0,18728.0,21738.0,17200.0,17200.0,0.0,0.0,-1.0,-1.0,-1000.0,-1.0,-1.0,-1.0,-1.0
753,0.0,5255.0,149.714,5255.026000000001,0.0,42.0,0.286,42.00700000000001,20.0,36290.0,21758.0,20.0,18728.0,21758.0,17200.0,17202.14285714286,0.0,0.0,-1.0,-1.0,-1000.0,-1.0,-1.0,-1.0,-1.0
754,394.0,5649.0,56.286,5311.312000000001,5.0,47.0,0.714,42.72100000000001,18.0,36290.0,21776.0,18.0,18728.0,21776.0,17200.0,17204.285714285714,0.0,0.0,-1.0,-1.0,-1000.0,-1.0,-1.0,-1.0,-1.0
755,0.0,5649.0,56.286,5367.598000000001,0.0,47.0,0.714,43.43500000000001,15.0,36290.0,21791.0,15.0,18728.0,21791.0,17200.0,17206.428571428572,0.0,0.0,-1.0,-1.0,-1000.0,-1.0,-1.0,-1.0,-1.0
756,0.0,5649.0,56.286,5423.884000000001,0.0,47.0,0.714,44.14900000000001,13.0,36290.0,21804.0,13.0,18728.0,21804.0,17200.0,17208.571428571428,0.0,0.0,-1.0,-1.0,-1000.0,-1.0,-1.0,-1.0,-1.0
757,0.0,5649.0,56.286,5480.170000000001,0.0,47.0,0.714,44.86300000000001,10.0,36290.0,21814.0,10.0,18728.0,21814.0,17200.0,17210.714285714286,0.0,0.0,-1.0,-1.0,-1000.0,-1.0,-1.0,-1.0,-1.0
758,0.0,5649.0,56.286,5536.456000000001,0.0,47.0,0.714,45.577000000000005,8.0,36290.0,21822.0,8.0,18728.0,21822.0,17200.0,17212.85714285714,0.0,0.0,-1.0,-1.0,-1000.0,-1.0,-1.0,-1.0,-1.0
759,0.0,5649.0,56.286,5592.742000000001,0.0,47.0,0.714,46.291,6.0,36330.0,21828.0,6.0,18753.0,21828.0,17215.0,17215.0,0.0,0.0,-1.0,-1.0,-1000.0,-1.0,-1.0,-1.0,-1.0
760,0.0,5649.0,56.286,5649.028000000001,0.0,47.0,0.714,47.005,6.0,36330.0,21834.0,6.0,18753.0,21834.0,17215.0,17218.0,0.0,0.0,-1.0,-1.0,-1000.0,-1.0,-1.0,-1.0,-1.0
761,226.0,5875.0,32.286,5681.314000000001,2.0,49.0,0.286,47.291,6.0,36330.0,21840.0,6.0,18753.0,21840.0,17215.0,17221.0,0.0,0.0,-1.0,-1.0,-1000.0,-1.0,-1.0,-1.0,-1.0
762,0.0,5875.0,32.286,5713.600000000001,0.0,49.0,0.286,47.577000000000005,7.0,36330.0,21847.0,7.0,18753.0,21847.0,17215.0,17224.0,0.0,0.0,-1.0,-1.0,-1000.0,-1.0,-1.0,-1.0,-1.0
763,0.0,5875.0,32.286,5745.886000000001,0.0,49.0,0.286,47.86300000000001,7.0,36330.0,21854.0,7.0,18753.0,21854.0,17215.0,17227.0,0.0,0.0,-1.0,-1.0,-1000.0,-1.0,-1.0,-1.0,-1.0
764,0.0,5875.0,32.286,5778.172000000001,0.0,49.0,0.286,48.14900000000001,7.0,36330.0,21861.0,7.0,18753.0,21861.0,17215.0,17230.0,0.0,0.0,-1.0,-1.0,-1000.0,-1.0,-1.0,-1.0,-1.0
765,0.0,5875.0,32.286,5810.458000000001,0.0,49.0,0.286,48.43500000000001,7.0,36330.0,21868.0,7.0,18753.0,21868.0,17215.0,17233.0,0.0,0.0,-1.0,-1.0,-1000.0,-1.0,-1.0,-1.0,-1.0
766,0.0,5875.0,32.286,5842.7440000000015,0.0,49.0,0.286,48.72100000000001,8.0,36384.0,21876.0,8.0,18786.0,21876.0,17236.0,17236.0,0.0,0.0,-1.0,-1.0,-1000.0,-1.0,-1.0,-1.0,-1.0
767,0.0,5875.0,32.286,5875.030000000002,0.0,49.0,0.286,49.00700000000001,8.0,36384.0,21884.0,8.0,18786.0,21884.0,17236.0,17241.071428571428,0.0,0.0,-1.0,-1.0,-1000.0,-1.0,-1.0,-1.0,-1.0
768,53.0,5928.0,7.571,5882.6010000000015,2.0,51.0,0.286,49.29300000000001,9.0,36384.0,21893.0,9.0,18786.0,21893.0,17236.0,17246.14285714286,0.0,0.0,-1.0,-1.0,-1000.0,-1.0,-1.0,-1.0,-1.0
769,0.0,5928.0,7.571,5890.172000000001,0.0,51.0,0.286,49.579000000000015,10.0,36384.0,21903.0,10.0,18786.0,21903.0,17236.0,17251.214285714286,0.0,0.0,-1.0,-1.0,-1000.0,-1.0,-1.0,-1.0,-1.0
770,0.0,5928.0,7.571,5897.743000000001,0.0,51.0,0.286,49.865000000000016,11.0,36384.0,21914.0,11.0,18786.0,21914.0,17236.0,17256.285714285714,0.0,0.0,-1.0,-1.0,-1000.0,-1.0,-1.0,-1.0,-1.0
771,0.0,5928.0,7.571,5905.314000000001,0.0,51.0,0.286,50.15100000000002,12.0,36384.0,21926.0,12.0,18786.0,21926.0,17236.0,17261.35714285714,0.0,0.0,-1.0,-1.0,-1000.0,-1.0,-1.0,-1.0,-1.0
772,0.0,5928.0,7.571,5912.885000000001,0.0,51.0,0.286,50.43700000000002,12.0,36384.0,21938.0,12.0,18786.0,21938.0,17236.0,17266.428571428572,0.0,0.0,-1.0,-1.0,-1000.0,-1.0,-1.0,-1.0,-1.0
773,0.0,5928.0,7.571,5920.456000000001,0.0,51.0,0.286,50.72300000000002,13.0,36384.0,21951.0,13.0,18786.0,21951.0,17236.0,17271.5,0.0,0.0,-1.0,-1.0,-1000.0,-1.0,-1.0,-1.0,-1.0
774,0.0,5928.0,7.571,5928.027000000001,0.0,51.0,0.286,51.00900000000002,13.0,36384.0,21964.0,13.0,18786.0,21964.0,17236.0,17276.571428571428,0.0,0.0,-1.0,-1.0,-1000.0,-1.0,-1.0,-1.0,-1.0
775,69.0,5997.0,9.857,5937.884000000001,10.0,61.0,1.429,52.43800000000002,13.0,36384.0,21977.0,13.0,18786.0,21977.0,17236.0,17281.64285714286,0.0,0.0,-1.0,-1.0,-1000.0,-1.0,-1.0,-1.0,-1.0
776,0.0,5997.0,9.857,5947.741000000001,0.0,61.0,1.429,53.867000000000026,13.0,36384.0,21990.0,13.0,18786.0,21990.0,17236.0,17286.714285714286,0.0,0.0,-1.0,-1.0,-1000.0,-1.0,-1.0,-1.0,-1.0
777,0.0,5997.0,9.857,5957.598000000001,0.0,61.0,1.429,55.29600000000003,13.0,36384.0,22003.0,13.0,18786.0,22003.0,17236.0,17291.785714285714,0.0,0.0,-1.0,-1.0,-1000.0,-1.0,-1.0,-1.0,-1.0
778,0.0,5997.0,9.857,5967.455000000001,0.0,61.0,1.429,56.72500000000003,13.0,36384.0,22016.0,13.0,18786.0,22016.0,17236.0,17296.85714285714,0.0,0.0,-1.0,-1.0,-1000.0,-1.0,-1.0,-1.0,-1.0
779,0.0,5997.0,9.857,5977.312000000001,0.0,61.0,1.429,58.15400000000003,13.0,36384.0,22029.0,13.0,18786.0,22029.0,17236.0,17301.928571428572,0.0,0.0,-1.0,-1.0,-1000.0,-1.0,-1.0,-1.0,-1.0
780,0.0,5997.0,9.857,5987.169000000001,0.0,61.0,1.429,59.583000000000034,13.0,36568.0,22042.0,13.0,18899.0,22042.0,17307.0,17307.0,0.0,0.0,-1.0,-1.0,-1000.0,-1.0,-1.0,-1.0,-1.0
781,0.0,5997.0,9.857,5997.026000000001,0.0,61.0,1.429,61.01200000000004,12.0,36568.0,22054.0,12.0,18899.0,22054.0,17307.0,17309.571428571428,0.0,0.0,-1.0,-1.0,-1000.0,-1.0,-1.0,-1.0,-1.0
782,53.0,6050.0,7.571,6004.597000000001,1.0,62.0,0.143,61.15500000000004,11.0,36568.0,22065.0,11.0,18899.0,22065.0,17307.0,17312.14285714286,0.0,0.0,-1.0,-1.0,-1000.0,-1.0,-1.0,-1.0,-1.0
783,0.0,6050.0,7.571,6012.168000000001,0.0,62.0,0.143,61.29800000000004,10.0,36568.0,22075.0,10.0,18899.0,22075.0,17307.0,17314.714285714286,0.0,0.0,-1.0,-1.0,-1000.0,-1.0,-1.0,-1.0,-1.0
784,0.0,6050.0,7.571,6019.7390000000005,0.0,62.0,0.143,61.44100000000004,9.0,36568.0,22084.0,9.0,18899.0,22084.0,17307.0,17317.285714285714,0.0,0.0,-1.0,-1.0,-1000.0,-1.0,-1.0,-1.0,-1.0
785,0.0,6050.0,7.571,6027.31,0.0,62.0,0.143,61.58400000000004,8.0,36568.0,22092.0,8.0,18899.0,22092.0,17307.0,17319.85714285714,0.0,0.0,-1.0,-1.0,-1000.0,-1.0,-1.0,-1.0,-1.0
786,0.0,6050.0,7.571,6034.881,0.0,62.0,0.143,61.72700000000004,7.0,36568.0,22099.0,7.0,18899.0,22099.0,17307.0,17322.428571428572,0.0,0.0,-1.0,-1.0,-1000.0,-1.0,-1.0,-1.0,-1.0
787,0.0,6050.0,7.571,6042.452,0.0,62.0,0.143,61.87000000000004,6.0,36610.0,22105.0,6.0,18923.0,22105.0,17325.0,17325.0,0.0,0.0,-1.0,-1.0,-1000.0,-1.0,-1.0,-1.0,-1.0
788,0.0,6050.0,7.571,6050.023,0.0,62.0,0.143,62.01300000000004,7.0,36610.0,22112.0,7.0,18923.0,22112.0,17325.0,17334.571428571428,0.0,0.0,-1.0,-1.0,-1000.0,-1.0,-1.0,-1.0,-1.0
789,35.0,6085.0,5.0,6055.023,0.0,62.0,0.0,62.01300000000004,9.0,36610.0,22121.0,9.0,18923.0,22121.0,17325.0,17344.14285714286,0.0,0.0,-1.0,-1.0,-1000.0,-1.0,-1.0,-1.0,-1.0
790,0.0,6085.0,5.0,6060.023,0.0,62.0,0.0,62.01300000000004,10.0,36610.0,22131.0,10.0,18923.0,22131.0,17325.0,17353.714285714286,0.0,0.0,-1.0,-1.0,-1000.0,-1.0,-1.0,-1.0,-1.0
791,0.0,6085.0,5.0,6065.023,0.0,62.0,0.0,62.01300000000004,12.0,36610.0,22143.0,12.0,18923.0,22143.0,17325.0,17363.285714285714,0.0,0.0,-1.0,-1.0,-1000.0,-1.0,-1.0,-1.0,-1.0
792,0.0,6085.0,5.0,6070.023,0.0,62.0,0.0,62.01300000000004,13.0,36610.0,22156.0,13.0,18923.0,22156.0,17325.0,17372.85714285714,0.0,0.0,-1.0,-1.0,-1000.0,-1.0,-1.0,-1.0,-1.0
793,0.0,6085.0,5.0,6075.023,0.0,62.0,0.0,62.01300000000004,14.0,36610.0,22170.0,14.0,18923.0,22170.0,17325.0,17382.428571428572,0.0,0.0,-1.0,-1.0,-1000.0,-1.0,-1.0,-1.0,-1.0
794,0.0,6085.0,5.0,6080.023,0.0,62.0,0.0,62.01300000000004,16.0,36610.0,22186.0,16.0,18923.0,22186.0,17325.0,17392.0,0.0,0.0,-1.0,-1.0,-1000.0,-1.0,-1.0,-1.0,-1.0
795,0.0,6085.0,5.0,6085.023,0.0,62.0,0.0,62.01300000000004,16.0,36610.0,22202.0,16.0,18923.0,22202.0,17325.0,17401.571428571428,0.0,0.0,-1.0,-1.0,-1000.0,-1.0,-1.0,-1.0,-1.0
796,6.0,6091.0,0.857,6085.88,0.0,62.0,0.0,62.01300000000004,16.0,36610.0,22218.0,16.0,18923.0,22218.0,17325.0,17411.14285714286,0.0,0.0,-1.0,-1.0,-1000.0,-1.0,-1.0,-1.0,-1.0
797,0.0,6091.0,0.857,6086.737,0.0,62.0,0.0,62.01300000000004,16.0,36610.0,22234.0,16.0,18923.0,22234.0,17325.0,17420.714285714286,0.0,0.0,-1.0,-1.0,-1000.0,-1.0,-1.0,-1.0,-1.0
798,0.0,6091.0,0.857,6087.594,0.0,62.0,0.0,62.01300000000004,16.0,36610.0,22250.0,16.0,18923.0,22250.0,17325.0,17430.285714285714,0.0,0.0,-1.0,-1.0,-1000.0,-1.0,-1.0,-1.0,-1.0
799,0.0,6091.0,0.857,6088.451,0.0,62.0,0.0,62.01300000000004,16.0,36610.0,22266.0,16.0,18923.0,22266.0,17325.0,17439.85714285714,0.0,0.0,-1.0,-1.0,-1000.0,-1.0,-1.0,-1.0,-1.0
800,0.0,6091.0,0.857,6089.308,0.0,62.0,0.0,62.01300000000004,16.0,36610.0,22282.0,16.0,18923.0,22282.0,17325.0,17449.428571428572,0.0,0.0,-1.0,-1.0,-1000.0,-1.0,-1.0,-1.0,-1.0
801,0.0,6091.0,0.857,6090.165,0.0,62.0,0.0,62.01300000000004,16.0,36829.0,22298.0,16.0,19008.0,22298.0,17459.0,17459.0,0.0,0.0,-1.0,-1.0,-1000.0,-1.0,-1.0,-1.0,-1.0
802,0.0,6091.0,0.857,6091.022,0.0,62.0,0.0,62.01300000000004,51.0,36829.0,22349.0,51.0,19008.0,22349.0,17459.0,17472.35714285714,0.0,0.0,-1.0,-1.0,-1000.0,-1.0,-1.0,-1.0,-1.0
803,0.0,6091.0,0.0,6091.022,0.0,62.0,0.0,62.01300000000004,87.0,36829.0,22436.0,87.0,19008.0,22436.0,17459.0,17485.714285714286,0.0,0.0,-1.0,-1.0,-1000.0,-1.0,-1.0,-1.0,-1.0
804,0.0,6091.0,0.0,6091.022,0.0,62.0,0.0,62.01300000000004,122.0,36829.0,22558.0,122.0,19008.0,22558.0,17459.0,17499.071428571428,0.0,0.0,-1.0,-1.0,-1000.0,-1.0,-1.0,-1.0,-1.0
805,0.0,6091.0,0.0,6091.022,0.0,62.0,0.0,62.01300000000004,158.0,36829.0,22716.0,158.0,19008.0,22716.0,17459.0,17512.428571428572,0.0,0.0,-1.0,-1.0,-1000.0,-1.0,-1.0,-1.0,-1.0
806,0.0,6091.0,0.0,6091.022,0.0,62.0,0.0,62.01300000000004,194.0,36829.0,22910.0,194.0,19008.0,22910.0,17459.0,17525.785714285714,0.0,0.0,-1.0,-1.0,-1000.0,-1.0,-1.0,-1.0,-1.0
807,0.0,6091.0,0.0,6091.022,0.0,62.0,0.0,62.01300000000004,229.0,36829.0,23139.0,229.0,19008.0,23139.0,17459.0,17539.14285714286,0.0,0.0,-1.0,-1.0,-1000.0,-1.0,-1.0,-1.0,-1.0
808,0.0,6091.0,0.0,6091.022,0.0,62.0,0.0,62.01300000000004,265.0,36829.0,23404.0,265.0,19008.0,23404.0,17459.0,17552.5,0.0,0.0,-1.0,-1.0,-1000.0,-1.0,-1.0,-1.0,-1.0
809,0.0,6091.0,0.0,6091.022,0.0,62.0,0.0,62.01300000000004,265.0,36829.0,23669.0,265.0,19008.0,23669.0,17459.0,17565.85714285714,0.0,0.0,-1.0,-1.0,-1000.0,-1.0,-1.0,-1.0,-1.0
810,13.0,6104.0,1.857,6092.879,0.0,62.0,0.0,62.01300000000004,265.0,36829.0,23934.0,265.0,19008.0,23934.0,17459.0,17579.214285714286,0.0,0.0,-1.0,-1.0,-1000.0,-1.0,-1.0,-1.0,-1.0
811,0.0,6104.0,1.857,6094.736,0.0,62.0,0.0,62.01300000000004,265.0,36829.0,24199.0,265.0,19008.0,24199.0,17459.0,17592.571428571428,0.0,0.0,-1.0,-1.0,-1000.0,-1.0,-1.0,-1.0,-1.0
812,0.0,6104.0,1.857,6096.593,0.0,62.0,0.0,62.01300000000004,265.0,36829.0,24464.0,265.0,19008.0,24464.0,17459.0,17605.928571428572,0.0,0.0,-1.0,-1.0,-1000.0,-1.0,-1.0,-1.0,-1.0
813,0.0,6104.0,1.857,6098.45,0.0,62.0,0.0,62.01300000000004,265.0,36829.0,24729.0,265.0,19008.0,24729.0,17459.0,17619.285714285714,0.0,0.0,-1.0,-1.0,-1000.0,-1.0,-1.0,-1.0,-1.0
814,0.0,6104.0,1.857,6100.307,0.0,62.0,0.0,62.01300000000004,265.0,36829.0,24994.0,265.0,19008.0,24994.0,17459.0,17632.64285714286,0.0,0.0,-1.0,-1.0,-1000.0,-1.0,-1.0,-1.0,-1.0
815,0.0,6104.0,1.857,6102.164,0.0,62.0,0.0,62.01300000000004,265.0,40537.0,25259.0,265.0,19165.0,25259.0,17646.0,17646.0,3726.0,3726.0,-1.0,-1.0,-1000.0,-1.0,-1.0,-1.0,-1.0
816,0.0,6104.0,1.857,6104.021,0.0,62.0,0.0,62.01300000000004,229.0,40537.0,25488.0,229.0,19165.0,25488.0,17646.0,17653.928571428572,3726.0,3726.0,-1.0,-1.0,-1000.0,-1.0,-1.0,-1.0,-1.0
817,0.0,6104.0,0.0,6104.021,0.0,62.0,0.0,62.01300000000004,192.0,40537.0,25680.0,192.0,19165.0,25680.0,17646.0,17661.85714285714,3726.0,3726.0,-1.0,-1.0,-1000.0,-1.0,-1.0,-1.0,-1.0
818,0.0,6104.0,0.0,6104.021,0.0,62.0,0.0,62.01300000000004,156.0,40537.0,25836.0,156.0,19165.0,25836.0,17646.0,17669.785714285714,3726.0,3726.0,-1.0,-1.0,-1000.0,-1.0,-1.0,-1.0,-1.0
819,0.0,6104.0,0.0,6104.021,0.0,62.0,0.0,62.01300000000004,120.0,40537.0,25956.0,120.0,19165.0,25956.0,17646.0,17677.714285714286,3726.0,3726.0,-1.0,-1.0,-1000.0,-1.0,-1.0,-1.0,-1.0
820,0.0,6104.0,0.0,6104.021,0.0,62.0,0.0,62.01300000000004,84.0,40537.0,26040.0,84.0,19165.0,26040.0,17646.0,17685.64285714286,3726.0,3726.0,-1.0,-1.0,-1000.0,-1.0,-1.0,-1.0,-1.0
821,0.0,6104.0,0.0,6104.021,0.0,62.0,0.0,62.01300000000004,48.0,40537.0,26088.0,48.0,19165.0,26088.0,17646.0,17693.571428571428,3726.0,3726.0,-1.0,-1.0,-1000.0,-1.0,-1.0,-1.0,-1.0
822,0.0,6104.0,0.0,6104.021,0.0,62.0,0.0,62.01300000000004,11.0,40537.0,26099.0,11.0,19165.0,26099.0,17646.0,17701.5,3726.0,3726.0,-1.0,-1.0,-1000.0,-1.0,-1.0,-1.0,-1.0
823,0.0,6104.0,0.0,6104.021,0.0,62.0,0.0,62.01300000000004,11.0,40537.0,26110.0,11.0,19165.0,26110.0,17646.0,17709.428571428572,3726.0,3726.0,-1.0,-1.0,-1000.0,-1.0,-1.0,-1.0,-1.0
824,37.0,6141.0,5.286,6109.307,0.0,62.0,0.0,62.01300000000004,11.0,40537.0,26121.0,11.0,19165.0,26121.0,17646.0,17717.35714285714,3726.0,3726.0,-1.0,-1.0,-1000.0,-1.0,-1.0,-1.0,-1.0
825,0.0,6141.0,5.286,6114.593,0.0,62.0,0.0,62.01300000000004,11.0,40537.0,26132.0,11.0,19165.0,26132.0,17646.0,17725.285714285714,3726.0,3726.0,-1.0,-1.0,-1000.0,-1.0,-1.0,-1.0,-1.0
826,0.0,6141.0,5.286,6119.879,0.0,62.0,0.0,62.01300000000004,11.0,40537.0,26143.0,11.0,19165.0,26143.0,17646.0,17733.214285714286,3726.0,3726.0,-1.0,-1.0,-1000.0,-1.0,-1.0,-1.0,-1.0
827,0.0,6141.0,5.286,6125.165,0.0,62.0,0.0,62.01300000000004,11.0,40537.0,26154.0,11.0,19165.0,26154.0,17646.0,17741.14285714286,3726.0,3726.0,-1.0,-1.0,-1000.0,-1.0,-1.0,-1.0,-1.0
828,0.0,6141.0,5.286,6130.451,0.0,62.0,0.0,62.01300000000004,11.0,40537.0,26165.0,11.0,19165.0,26165.0,17646.0,17749.071428571428,3726.0,3726.0,-1.0,-1.0,-1000.0,-1.0,-1.0,-1.0,-1.0
829,0.0,6141.0,5.286,6135.737,0.0,62.0,0.0,62.01300000000004,11.0,40697.0,26176.0,11.0,19214.0,26176.0,17757.0,17757.0,3726.0,3726.0,-1.0,-1.0,-1000.0,-1.0,-1.0,-1.0,-1.0
830,0.0,6141.0,5.286,6141.023,0.0,62.0,0.0,62.01300000000004,11.0,40697.0,26187.0,11.0,19214.0,26187.0,17757.0,17761.285714285714,3726.0,3726.0,-1.0,-1.0,-1000.0,-1.0,-1.0,-1.0,-1.0
831,21.0,6162.0,3.0,6144.023,0.0,62.0,0.0,62.01300000000004,10.0,40697.0,26197.0,10.0,19214.0,26197.0,17757.0,17765.571428571428,3726.0,3726.0,-1.0,-1.0,-1000.0,-1.0,-1.0,-1.0,-1.0
832,0.0,6162.0,3.0,6147.023,0.0,62.0,0.0,62.01300000000004,10.0,40697.0,26207.0,10.0,19214.0,26207.0,17757.0,17769.85714285714,3726.0,3726.0,-1.0,-1.0,-1000.0,-1.0,-1.0,-1.0,-1.0
833,0.0,6162.0,3.0,6150.023,0.0,62.0,0.0,62.01300000000004,9.0,40697.0,26216.0,9.0,19214.0,26216.0,17757.0,17774.14285714286,3726.0,3726.0,-1.0,-1.0,-1000.0,-1.0,-1.0,-1.0,-1.0
834,0.0,6162.0,3.0,6153.023,0.0,62.0,0.0,62.01300000000004,9.0,40697.0,26225.0,9.0,19214.0,26225.0,17757.0,17778.428571428572,3726.0,3726.0,-1.0,-1.0,-1000.0,-1.0,-1.0,-1.0,-1.0
835,0.0,6162.0,3.0,6156.023,0.0,62.0,0.0,62.01300000000004,8.0,40697.0,26233.0,8.0,19214.0,26233.0,17757.0,17782.714285714286,3726.0,3726.0,-1.0,-1.0,-1000.0,-1.0,-1.0,-1.0,-1.0
836,0.0,6162.0,3.0,6159.023,0.0,62.0,0.0,62.01300000000004,8.0,40697.0,26241.0,8.0,19214.0,26241.0,17757.0,17787.0,3726.0,3726.0,-1.0,-1.0,-1000.0,-1.0,-1.0,-1.0,-1.0
837,0.0,6162.0,3.0,6162.023,0.0,62.0,0.0,62.01300000000004,8.0,40697.0,26249.0,8.0,19214.0,26249.0,17757.0,17791.285714285714,3726.0,3726.0,-1.0,-1.0,-1000.0,-1.0,-1.0,-1.0,-1.0
838,0.0,6162.0,0.0,6162.023,0.0,62.0,0.0,62.01300000000004,8.0,40697.0,26257.0,8.0,19214.0,26257.0,17757.0,17795.571428571428,3726.0,3726.0,-1.0,-1.0,-1000.0,-1.0,-1.0,-1.0,-1.0
839,0.0,6162.0,0.0,6162.023,0.0,62.0,0.0,62.01300000000004,8.0,40697.0,26265.0,8.0,19214.0,26265.0,17757.0,17799.85714285714,3726.0,3726.0,-1.0,-1.0,-1000.0,-1.0,-1.0,-1.0,-1.0
840,0.0,6162.0,0.0,6162.023,0.0,62.0,0.0,62.01300000000004,8.0,40697.0,26273.0,8.0,19214.0,26273.0,17757.0,17804.14285714286,3726.0,3726.0,-1.0,-1.0,-1000.0,-1.0,-1.0,-1.0,-1.0
841,0.0,6162.0,0.0,6162.023,0.0,62.0,0.0,62.01300000000004,8.0,40697.0,26281.0,8.0,19214.0,26281.0,17757.0,17808.428571428572,3726.0,3726.0,-1.0,-1.0,-1000.0,-1.0,-1.0,-1.0,-1.0
842,0.0,6162.0,0.0,6162.023,0.0,62.0,0.0,62.01300000000004,8.0,40697.0,26289.0,8.0,19214.0,26289.0,17757.0,17812.714285714286,3726.0,3726.0,-1.0,-1.0,-1000.0,-1.0,-1.0,-1.0,-1.0
843,0.0,6162.0,0.0,6162.023,0.0,62.0,0.0,62.01300000000004,8.0,40803.0,26297.0,8.0,19260.0,26297.0,17817.0,17817.0,3726.0,3726.0,-1.0,-1.0,-1000.0,-1.0,-1.0,-1.0,-1.0
844,0.0,6162.0,0.0,6162.023,0.0,62.0,0.0,62.01300000000004,7.0,40803.0,26304.0,7.0,19260.0,26304.0,17817.0,17820.14285714286,3726.0,3726.0,-1.0,-1.0,-1000.0,-1.0,-1.0,-1.0,-1.0
845,134.0,6296.0,19.143,6181.166,0.0,62.0,0.0,62.01300000000004,7.0,40803.0,26311.0,7.0,19260.0,26311.0,17817.0,17823.285714285714,3726.0,3726.0,-1.0,-1.0,-1000.0,-1.0,-1.0,-1.0,-1.0
846,0.0,6296.0,19.143,6200.309,0.0,62.0,0.0,62.01300000000004,6.0,40803.0,26317.0,6.0,19260.0,26317.0,17817.0,17826.428571428572,3726.0,3726.0,-1.0,-1.0,-1000.0,-1.0,-1.0,-1.0,-1.0
847,0.0,6296.0,19.143,6219.452,0.0,62.0,0.0,62.01300000000004,6.0,40803.0,26323.0,6.0,19260.0,26323.0,17817.0,17829.571428571428,3726.0,3726.0,-1.0,-1.0,-1000.0,-1.0,-1.0,-1.0,-1.0
848,0.0,6296.0,19.143,6238.595,0.0,62.0,0.0,62.01300000000004,5.0,40803.0,26328.0,5.0,19260.0,26328.0,17817.0,17832.714285714286,3726.0,3726.0,-1.0,-1.0,-1000.0,-1.0,-1.0,-1.0,-1.0
849,0.0,6296.0,19.143,6257.738,0.0,62.0,0.0,62.01300000000004,5.0,40803.0,26333.0,5.0,19260.0,26333.0,17817.0,17835.85714285714,3726.0,3726.0,-1.0,-1.0,-1000.0,-1.0,-1.0,-1.0,-1.0
850,0.0,6296.0,19.143,6276.881,0.0,62.0,0.0,62.01300000000004,4.0,40833.0,26337.0,4.0,19268.0,26337.0,17839.0,17839.0,3726.0,3726.0,-1.0,-1.0,-1000.0,-1.0,-1.0,-1.0,-1.0
851,0.0,6296.0,19.143,6296.024,0.0,62.0,0.0,62.01300000000004,4.0,40833.0,26341.0,4.0,19268.0,26341.0,17839.0,17842.285714285714,3726.0,3726.0,-1.0,-1.0,-1000.0,-1.0,-1.0,-1.0,-1.0
852,59.0,6355.0,8.429,6304.453,0.0,62.0,0.0,62.01300000000004,5.0,40833.0,26346.0,5.0,19268.0,26346.0,17839.0,17845.571428571428,3726.0,3726.0,-1.0,-1.0,-1000.0,-1.0,-1.0,-1.0,-1.0
853,0.0,6355.0,8.429,6312.8820000000005,0.0,62.0,0.0,62.01300000000004,5.0,40833.0,26351.0,5.0,19268.0,26351.0,17839.0,17848.85714285714,3726.0,3726.0,-1.0,-1.0,-1000.0,-1.0,-1.0,-1.0,-1.0
854,0.0,6355.0,8.429,6321.311000000001,0.0,62.0,0.0,62.01300000000004,5.0,40833.0,26356.0,5.0,19268.0,26356.0,17839.0,17852.14285714286,3726.0,3726.0,-1.0,-1.0,-1000.0,-1.0,-1.0,-1.0,-1.0
855,0.0,6355.0,8.429,6329.740000000001,0.0,62.0,0.0,62.01300000000004,5.0,40833.0,26361.0,5.0,19268.0,26361.0,17839.0,17855.428571428572,3726.0,3726.0,-1.0,-1.0,-1000.0,-1.0,-1.0,-1.0,-1.0
856,0.0,6355.0,8.429,6338.169000000001,0.0,62.0,0.0,62.01300000000004,5.0,40833.0,26366.0,5.0,19268.0,26366.0,17839.0,17858.714285714286,3726.0,3726.0,-1.0,-1.0,-1000.0,-1.0,-1.0,-1.0,-1.0
857,0.0,6355.0,8.429,6346.598000000001,0.0,62.0,0.0,62.01300000000004,6.0,40872.0,26372.0,6.0,19284.0,26372.0,17862.0,17862.0,3726.0,3726.0,-1.0,-1.0,-1000.0,-1.0,-1.0,-1.0,-1.0
858,0.0,6355.0,8.429,6355.027000000001,0.0,62.0,0.0,62.01300000000004,6.0,40872.0,26378.0,6.0,19284.0,26378.0,17862.0,17865.428571428572,3726.0,3726.0,-1.0,-1.0,-1000.0,-1.0,-1.0,-1.0,-1.0
859,0.0,6355.0,0.0,6355.027000000001,0.0,62.0,0.0,62.01300000000004,6.0,40872.0,26384.0,6.0,19284.0,26384.0,17862.0,17868.85714285714,3726.0,3726.0,-1.0,-1.0,-1000.0,-1.0,-1.0,-1.0,-1.0
860,0.0,6355.0,0.0,6355.027000000001,0.0,62.0,0.0,62.01300000000004,6.0,40872.0,26390.0,6.0,19284.0,26390.0,17862.0,17872.285714285714,3726.0,3726.0,-1.0,-1.0,-1000.0,-1.0,-1.0,-1.0,-1.0
861,0.0,6355.0,0.0,6355.027000000001,0.0,62.0,0.0,62.01300000000004,6.0,40872.0,26396.0,6.0,19284.0,26396.0,17862.0,17875.714285714286,3726.0,3726.0,-1.0,-1.0,-1000.0,-1.0,-1.0,-1.0,-1.0
862,0.0,6355.0,0.0,6355.027000000001,0.0,62.0,0.0,62.01300000000004,6.0,40872.0,26402.0,6.0,19284.0,26402.0,17862.0,17879.14285714286,3726.0,3726.0,-1.0,-1.0,-1000.0,-1.0,-1.0,-1.0,-1.0
863,0.0,6355.0,0.0,6355.027000000001,0.0,62.0,0.0,62.01300000000004,6.0,40872.0,26408.0,6.0,19284.0,26408.0,17862.0,17882.571428571428,3726.0,3726.0,-1.0,-1.0,-1000.0,-1.0,-1.0,-1.0,-1.0
864,0.0,6355.0,0.0,6355.027000000001,0.0,62.0,0.0,62.01300000000004,6.0,40911.0,26414.0,6.0,19299.0,26414.0,17886.0,17886.0,3726.0,3726.0,-1.0,-1.0,-1000.0,-1.0,-1.0,-1.0,-1.0
865,0.0,6355.0,0.0,6355.027000000001,0.0,62.0,0.0,62.01300000000004,6.0,40911.0,26420.0,6.0,19299.0,26420.0,17886.0,17890.85714285714,3726.0,3726.0,-1.0,-1.0,-1000.0,-1.0,-1.0,-1.0,-1.0
866,218.0,6573.0,31.143,6386.170000000001,0.0,62.0,0.0,62.01300000000004,6.0,40911.0,26426.0,6.0,19299.0,26426.0,17886.0,17895.714285714286,3726.0,3726.0,-1.0,-1.0,-1000.0,-1.0,-1.0,-1.0,-1.0
867,0.0,6573.0,31.143,6417.313000000001,0.0,62.0,0.0,62.01300000000004,7.0,40911.0,26433.0,7.0,19299.0,26433.0,17886.0,17900.571428571428,3726.0,3726.0,-1.0,-1.0,-1000.0,-1.0,-1.0,-1.0,-1.0
868,0.0,6573.0,31.143,6448.456000000001,0.0,62.0,0.0,62.01300000000004,7.0,40911.0,26440.0,7.0,19299.0,26440.0,17886.0,17905.428571428572,3726.0,3726.0,-1.0,-1.0,-1000.0,-1.0,-1.0,-1.0,-1.0
869,0.0,6573.0,31.143,6479.599000000001,0.0,62.0,0.0,62.01300000000004,8.0,40911.0,26448.0,8.0,19299.0,26448.0,17886.0,17910.285714285714,3726.0,3726.0,-1.0,-1.0,-1000.0,-1.0,-1.0,-1.0,-1.0
870,0.0,6573.0,31.143,6510.742000000001,0.0,62.0,0.0,62.01300000000004,8.0,40911.0,26456.0,8.0,19299.0,26456.0,17886.0,17915.14285714286,3726.0,3726.0,-1.0,-1.0,-1000.0,-1.0,-1.0,-1.0,-1.0
871,0.0,6573.0,31.143,6541.885000000001,0.0,62.0,0.0,62.01300000000004,8.0,40969.0,26464.0,8.0,19323.0,26464.0,17920.0,17920.0,3726.0,3726.0,-1.0,-1.0,-1000.0,-1.0,-1.0,-1.0,-1.0
872,0.0,6573.0,31.143,6573.028000000001,0.0,62.0,0.0,62.01300000000004,8.0,40969.0,26472.0,8.0,19323.0,26472.0,17920.0,17927.85714285714,3726.0,3726.0,-1.0,-1.0,-1000.0,-1.0,-1.0,-1.0,-1.0
873,117.0,6690.0,16.714,6589.742000000001,0.0,62.0,0.0,62.01300000000004,9.0,40969.0,26481.0,9.0,19323.0,26481.0,17920.0,17935.714285714286,3726.0,3726.0,-1.0,-1.0,-1000.0,-1.0,-1.0,-1.0,-1.0
874,0.0,6690.0,16.714,6606.456000000001,0.0,62.0,0.0,62.01300000000004,9.0,40969.0,26490.0,9.0,19323.0,26490.0,17920.0,17943.571428571428,3726.0,3726.0,-1.0,-1.0,-1000.0,-1.0,-1.0,-1.0,-1.0
875,0.0,6690.0,16.714,6623.170000000001,0.0,62.0,0.0,62.01300000000004,9.0,40969.0,26499.0,9.0,19323.0,26499.0,17920.0,17951.428571428572,3726.0,3726.0,-1.0,-1.0,-1000.0,-1.0,-1.0,-1.0,-1.0
876,0.0,6690.0,16.714,6639.884000000001,0.0,62.0,0.0,62.01300000000004,9.0,40969.0,26508.0,9.0,19323.0,26508.0,17920.0,17959.285714285714,3726.0,3726.0,-1.0,-1.0,-1000.0,-1.0,-1.0,-1.0,-1.0
877,0.0,6690.0,16.714,6656.598000000001,0.0,62.0,0.0,62.01300000000004,9.0,40969.0,26517.0,9.0,19323.0,26517.0,17920.0,17967.14285714286,3726.0,3726.0,-1.0,-1.0,-1000.0,-1.0,-1.0,-1.0,-1.0
878,0.0,6690.0,16.714,6673.312000000001,0.0,62.0,0.0,62.01300000000004,10.0,40969.0,26527.0,10.0,19323.0,26527.0,17920.0,17975.0,3726.0,3726.0,-1.0,-1.0,-1000.0,-1.0,-1.0,-1.0,-1.0
879,0.0,6690.0,16.714,6690.026000000001,0.0,62.0,0.0,62.01300000000004,10.0,40969.0,26537.0,10.0,19323.0,26537.0,17920.0,17982.85714285714,3726.0,3726.0,-1.0,-1.0,-1000.0,-1.0,-1.0,-1.0,-1.0
880,0.0,6690.0,0.0,6690.026000000001,0.0,62.0,0.0,62.01300000000004,10.0,40969.0,26547.0,10.0,19323.0,26547.0,17920.0,17990.714285714286,3726.0,3726.0,-1.0,-1.0,-1000.0,-1.0,-1.0,-1.0,-1.0
881,0.0,6690.0,0.0,6690.026000000001,0.0,62.0,0.0,62.01300000000004,10.0,40969.0,26557.0,10.0,19323.0,26557.0,17920.0,17998.571428571428,3726.0,3726.0,-1.0,-1.0,-1000.0,-1.0,-1.0,-1.0,-1.0
882,0.0,6690.0,0.0,6690.026000000001,0.0,62.0,0.0,62.01300000000004,10.0,40969.0,26567.0,10.0,19323.0,26567.0,17920.0,18006.428571428572,3726.0,3726.0,-1.0,-1.0,-1000.0,-1.0,-1.0,-1.0,-1.0
883,0.0,6690.0,0.0,6690.026000000001,0.0,62.0,0.0,62.01300000000004,10.0,40969.0,26577.0,10.0,19323.0,26577.0,17920.0,18014.285714285714,3726.0,3726.0,-1.0,-1.0,-1000.0,-1.0,-1.0,-1.0,-1.0
884,0.0,6690.0,0.0,6690.026000000001,0.0,62.0,0.0,62.01300000000004,10.0,40969.0,26587.0,10.0,19323.0,26587.0,17920.0,18022.14285714286,3726.0,3726.0,-1.0,-1.0,-1000.0,-1.0,-1.0,-1.0,-1.0
885,0.0,6690.0,0.0,6690.026000000001,0.0,62.0,0.0,62.01300000000004,10.0,41104.0,26597.0,10.0,19348.0,26597.0,18030.0,18030.0,3726.0,3726.0,-1.0,-1.0,-1000.0,-1.0,-1.0,-1.0,-1.0
886,0.0,6690.0,0.0,6690.026000000001,0.0,62.0,0.0,62.01300000000004,9.0,41104.0,26606.0,9.0,19348.0,26606.0,18030.0,18033.285714285717,3726.0,3726.0,-1.0,-1.0,-1000.0,-1.0,-1.0,-1.0,-1.0
887,75.0,6765.0,10.714,6700.740000000001,0.0,62.0,0.0,62.01300000000004,9.0,41104.0,26615.0,9.0,19348.0,26615.0,18030.0,18036.571428571428,3726.0,3726.0,-1.0,-1.0,-1000.0,-1.0,-1.0,-1.0,-1.0
888,0.0,6765.0,10.714,6711.454000000001,0.0,62.0,0.0,62.01300000000004,8.0,41104.0,26623.0,8.0,19348.0,26623.0,18030.0,18039.85714285714,3726.0,3726.0,-1.0,-1.0,-1000.0,-1.0,-1.0,-1.0,-1.0
889,0.0,6765.0,10.714,6722.168000000001,0.0,62.0,0.0,62.01300000000004,7.0,41104.0,26630.0,7.0,19348.0,26630.0,18030.0,18043.14285714286,3726.0,3726.0,-1.0,-1.0,-1000.0,-1.0,-1.0,-1.0,-1.0
890,0.0,6765.0,10.714,6732.8820000000005,0.0,62.0,0.0,62.01300000000004,7.0,41104.0,26637.0,7.0,19348.0,26637.0,18030.0,18046.42857142857,3726.0,3726.0,-1.0,-1.0,-1000.0,-1.0,-1.0,-1.0,-1.0
891,0.0,6765.0,10.714,6743.5960000000005,0.0,62.0,0.0,62.01300000000004,6.0,41104.0,26643.0,6.0,19348.0,26643.0,18030.0,18049.714285714286,3726.0,3726.0,-1.0,-1.0,-1000.0,-1.0,-1.0,-1.0,-1.0
892,0.0,6765.0,10.714,6754.31,0.0,62.0,0.0,62.01300000000004,6.0,41144.0,26649.0,6.0,19365.0,26649.0,18053.0,18053.0,3726.0,3726.0,-1.0,-1.0,-1000.0,-1.0,-1.0,-1.0,-1.0
893,0.0,6765.0,10.714,6765.024,0.0,62.0,0.0,62.01300000000004,6.0,41144.0,26655.0,6.0,19365.0,26655.0,18053.0,18057.285714285717,3726.0,3726.0,-1.0,-1.0,-1000.0,-1.0,-1.0,-1.0,-1.0
894,137.0,6902.0,19.571,6784.595,1.0,63.0,0.143,62.15600000000004,6.0,41144.0,26661.0,6.0,19365.0,26661.0,18053.0,18061.571428571428,3726.0,3726.0,-1.0,-1.0,-1000.0,-1.0,-1.0,-1.0,-1.0
895,0.0,6902.0,19.571,6804.166,0.0,63.0,0.143,62.29900000000004,7.0,41144.0,26668.0,7.0,19365.0,26668.0,18053.0,18065.85714285714,3726.0,3726.0,-1.0,-1.0,-1000.0,-1.0,-1.0,-1.0,-1.0
896,0.0,6902.0,19.571,6823.737,0.0,63.0,0.143,62.44200000000004,7.0,41144.0,26675.0,7.0,19365.0,26675.0,18053.0,18070.14285714286,3726.0,3726.0,-1.0,-1.0,-1000.0,-1.0,-1.0,-1.0,-1.0
897,0.0,6902.0,19.571,6843.308,0.0,63.0,0.143,62.58500000000004,7.0,41144.0,26682.0,7.0,19365.0,26682.0,18053.0,18074.42857142857,3726.0,3726.0,-1.0,-1.0,-1000.0,-1.0,-1.0,-1.0,-1.0
898,0.0,6902.0,19.571,6862.879,0.0,63.0,0.143,62.72800000000005,7.0,41144.0,26689.0,7.0,19365.0,26689.0,18053.0,18078.714285714286,3726.0,3726.0,-1.0,-1.0,-1000.0,-1.0,-1.0,-1.0,-1.0
899,0.0,6902.0,19.571,6882.45,0.0,63.0,0.143,62.871000000000045,8.0,41198.0,26697.0,8.0,19389.0,26697.0,18083.0,18083.0,3726.0,3726.0,-1.0,-1.0,-1000.0,-1.0,-1.0,-1.0,-1.0
900,0.0,6902.0,19.571,6902.021,0.0,63.0,0.143,63.014000000000046,7.0,41198.0,26704.0,7.0,19389.0,26704.0,18083.0,18086.666666666668,3726.0,3726.0,-1.0,-1.0,-1000.0,-1.0,-1.0,-1.0,-1.0
901,0.0,6902.0,0.0,6902.021,0.0,63.0,0.0,63.014000000000046,7.0,41198.0,26711.0,7.0,19389.0,26711.0,18083.0,18090.33333333333,3726.0,3726.0,-1.0,-1.0,-1000.0,-1.0,-1.0,-1.0,-1.0
902,0.0,6902.0,0.0,6902.021,0.0,63.0,0.0,63.014000000000046,6.0,41198.0,26717.0,6.0,19389.0,26717.0,18083.0,18094.0,3726.0,3726.0,-1.0,-1.0,-1000.0,-1.0,-1.0,-1.0,-1.0
903,0.0,6902.0,0.0,6902.021,0.0,63.0,0.0,63.014000000000046,6.0,41198.0,26723.0,6.0,19389.0,26723.0,18083.0,18097.666666666668,3726.0,3726.0,-1.0,-1.0,-1000.0,-1.0,-1.0,-1.0,-1.0
904,0.0,6902.0,0.0,6902.021,0.0,63.0,0.0,63.014000000000046,6.0,41198.0,26729.0,6.0,19389.0,26729.0,18083.0,18101.33333333333,3726.0,3726.0,-1.0,-1.0,-1000.0,-1.0,-1.0,-1.0,-1.0
905,0.0,6902.0,0.0,6902.021,0.0,63.0,0.0,63.014000000000046,5.0,41198.0,26734.0,5.0,19389.0,26734.0,18083.0,18105.0,3726.0,3726.0,-1.0,-1.0,-1000.0,-1.0,-1.0,-1.0,-1.0
906,0.0,6902.0,0.0,6902.021,0.0,63.0,0.0,63.014000000000046,5.0,41198.0,26739.0,5.0,19389.0,26739.0,18083.0,18108.666666666668,3726.0,3726.0,-1.0,-1.0,-1000.0,-1.0,-1.0,-1.0,-1.0
907,0.0,6902.0,0.0,6902.021,0.0,63.0,0.0,63.014000000000046,5.0,41198.0,26744.0,5.0,19389.0,26744.0,18083.0,18112.33333333333,3726.0,3726.0,-1.0,-1.0,-1000.0,-1.0,-1.0,-1.0,-1.0
908,39.0,6941.0,5.571,6907.592,0.0,63.0,0.0,63.014000000000046,5.0,41198.0,26749.0,5.0,19389.0,26749.0,18083.0,18116.0,3726.0,3726.0,-1.0,-1.0,-1000.0,-1.0,-1.0,-1.0,-1.0
909,0.0,6941.0,5.571,6913.163,0.0,63.0,0.0,63.014000000000046,5.0,41198.0,26754.0,5.0,19389.0,26754.0,18083.0,18119.666666666668,3726.0,3726.0,-1.0,-1.0,-1000.0,-1.0,-1.0,-1.0,-1.0
910,0.0,6941.0,5.571,6918.734,0.0,63.0,0.0,63.014000000000046,5.0,41198.0,26759.0,5.0,19389.0,26759.0,18083.0,18123.33333333333,3726.0,3726.0,-1.0,-1.0,-1000.0,-1.0,-1.0,-1.0,-1.0
911,0.0,6941.0,5.571,6924.304999999999,0.0,63.0,0.0,63.014000000000046,5.0,41198.0,26764.0,5.0,19389.0,26764.0,18083.0,18127.0,3726.0,3726.0,-1.0,-1.0,-1000.0,-1.0,-1.0,-1.0,-1.0
912,0.0,6941.0,5.571,6929.875999999999,0.0,63.0,0.0,63.014000000000046,5.0,41198.0,26769.0,5.0,19389.0,26769.0,18083.0,18130.666666666668,3726.0,3726.0,-1.0,-1.0,-1000.0,-1.0,-1.0,-1.0,-1.0
913,0.0,6941.0,5.571,6935.446999999999,0.0,63.0,0.0,63.014000000000046,5.0,41198.0,26774.0,5.0,19389.0,26774.0,18083.0,18134.33333333333,3726.0,3726.0,-1.0,-1.0,-1000.0,-1.0,-1.0,-1.0,-1.0
914,0.0,6941.0,5.571,6941.017999999999,0.0,63.0,0.0,63.014000000000046,5.0,41198.0,26779.0,5.0,19389.0,26779.0,18083.0,18138.0,3726.0,3726.0,-1.0,-1.0,-1000.0,-1.0,-1.0,-1.0,-1.0
915,0.0,6941.0,0.0,6941.017999999999,0.0,63.0,0.0,63.014000000000046,5.0,41198.0,26784.0,5.0,19389.0,26784.0,18083.0,18141.666666666668,3726.0,3726.0,-1.0,-1.0,-1000.0,-1.0,-1.0,-1.0,-1.0
916,0.0,6941.0,0.0,6941.017999999999,0.0,63.0,0.0,63.014000000000046,5.0,41198.0,26789.0,5.0,19389.0,26789.0,18083.0,18145.33333333333,3726.0,3726.0,-1.0,-1.0,-1000.0,-1.0,-1.0,-1.0,-1.0
917,0.0,6941.0,0.0,6941.017999999999,0.0,63.0,0.0,63.014000000000046,5.0,41198.0,26794.0,5.0,19389.0,26794.0,18083.0,18149.0,3726.0,3726.0,-1.0,-1.0,-1000.0,-1.0,-1.0,-1.0,-1.0
918,0.0,6941.0,0.0,6941.017999999999,0.0,63.0,0.0,63.014000000000046,5.0,41198.0,26799.0,5.0,19389.0,26799.0,18083.0,18152.666666666668,3726.0,3726.0,-1.0,-1.0,-1000.0,-1.0,-1.0,-1.0,-1.0
919,0.0,6941.0,0.0,6941.017999999999,0.0,63.0,0.0,63.014000000000046,5.0,41198.0,26804.0,5.0,19389.0,26804.0,18083.0,18156.33333333333,3726.0,3726.0,-1.0,-1.0,-1000.0,-1.0,-1.0,-1.0,-1.0
920,0.0,6941.0,0.0,6941.017999999999,0.0,63.0,0.0,63.014000000000046,5.0,41300.0,26809.0,5.0,19414.0,26809.0,18160.0,18160.0,3726.0,3726.0,-1.0,-1.0,-1000.0,-1.0,-1.0,-1.0,-1.0
921,0.0,6941.0,0.0,6941.017999999999,0.0,63.0,0.0,63.014000000000046,5.0,41300.0,26814.0,5.0,19414.0,26814.0,18160.0,18163.85714285714,3726.0,3726.0,-1.0,-1.0,-1000.0,-1.0,-1.0,-1.0,-1.0
922,0.0,6941.0,0.0,6941.017999999999,0.0,63.0,0.0,63.014000000000046,5.0,41300.0,26819.0,5.0,19414.0,26819.0,18160.0,18167.714285714286,3726.0,3726.0,-1.0,-1.0,-1000.0,-1.0,-1.0,-1.0,-1.0
923,0.0,6941.0,0.0,6941.017999999999,0.0,63.0,0.0,63.014000000000046,6.0,41300.0,26825.0,6.0,19414.0,26825.0,18160.0,18171.571428571428,3726.0,3726.0,-1.0,-1.0,-1000.0,-1.0,-1.0,-1.0,-1.0
924,0.0,6941.0,0.0,6941.017999999999,0.0,63.0,0.0,63.014000000000046,6.0,41300.0,26831.0,6.0,19414.0,26831.0,18160.0,18175.42857142857,3726.0,3726.0,-1.0,-1.0,-1000.0,-1.0,-1.0,-1.0,-1.0
925,0.0,6941.0,0.0,6941.017999999999,0.0,63.0,0.0,63.014000000000046,6.0,41300.0,26837.0,6.0,19414.0,26837.0,18160.0,18179.285714285717,3726.0,3726.0,-1.0,-1.0,-1000.0,-1.0,-1.0,-1.0,-1.0
926,0.0,6941.0,0.0,6941.017999999999,0.0,63.0,0.0,63.014000000000046,6.0,41300.0,26843.0,6.0,19414.0,26843.0,18160.0,18183.14285714286,3726.0,3726.0,-1.0,-1.0,-1000.0,-1.0,-1.0,-1.0,-1.0
927,0.0,6941.0,0.0,6941.017999999999,0.0,63.0,0.0,63.014000000000046,7.0,41346.0,26850.0,7.0,19433.0,26850.0,18187.0,18187.0,3726.0,3726.0,-1.0,-1.0,-1000.0,-1.0,-1.0,-1.0,-1.0
928,0.0,6941.0,0.0,6941.017999999999,0.0,63.0,0.0,63.014000000000046,6.0,41346.0,26856.0,6.0,19433.0,26856.0,18187.0,18187.48979591837,3726.0,3726.0,-1.0,-1.0,-1000.0,-1.0,-1.0,-1.0,-1.0
929,190.0,7131.0,27.143,6968.160999999999,0.0,63.0,0.0,63.014000000000046,5.0,41346.0,26861.0,5.0,19433.0,26861.0,18187.0,18187.97959183673,3726.0,3726.0,-1.0,-1.0,-1000.0,-1.0,-1.0,-1.0,-1.0
930,0.0,7131.0,27.143,6995.303999999999,0.0,63.0,0.0,63.014000000000046,4.0,41346.0,26865.0,4.0,19433.0,26865.0,18187.0,18188.469387755104,3726.0,3726.0,-1.0,-1.0,-1000.0,-1.0,-1.0,-1.0,-1.0
931,0.0,7131.0,27.143,7022.446999999999,0.0,63.0,0.0,63.014000000000046,3.0,41346.0,26868.0,3.0,19433.0,26868.0,18187.0,18188.95918367347,3726.0,3726.0,-1.0,-1.0,-1000.0,-1.0,-1.0,-1.0,-1.0
932,0.0,7131.0,27.143,7049.589999999999,0.0,63.0,0.0,63.014000000000046,2.0,41346.0,26870.0,2.0,19433.0,26870.0,18187.0,18189.44897959184,3726.0,3726.0,-1.0,-1.0,-1000.0,-1.0,-1.0,-1.0,-1.0
933,0.0,7131.0,27.143,7076.732999999999,0.0,63.0,0.0,63.014000000000046,2.0,41346.0,26872.0,2.0,19433.0,26872.0,18187.0,18189.938775510203,3726.0,3726.0,-1.0,-1.0,-1000.0,-1.0,-1.0,-1.0,-1.0
934,0.0,7131.0,27.143,7103.875999999999,0.0,63.0,0.0,63.014000000000046,1.0,41346.0,26873.0,1.0,19433.0,26873.0,18187.0,18190.42857142857,3726.0,3726.0,-1.0,-1.0,-1000.0,-1.0,-1.0,-1.0,-1.0
935,0.0,7131.0,27.143,7131.018999999999,0.0,63.0,0.0,63.014000000000046,1.0,41346.0,26874.0,1.0,19433.0,26874.0,18187.0,18190.918367346934,3726.0,3726.0,-1.0,-1.0,-1000.0,-1.0,-1.0,-1.0,-1.0
936,0.0,7131.0,0.0,7131.018999999999,0.0,63.0,0.0,63.014000000000046,1.0,41346.0,26875.0,1.0,19433.0,26875.0,18187.0,18191.408163265307,3726.0,3726.0,-1.0,-1.0,-1000.0,-1.0,-1.0,-1.0,-1.0
937,0.0,7131.0,0.0,7131.018999999999,0.0,63.0,0.0,63.014000000000046,1.0,41346.0,26876.0,1.0,19433.0,26876.0,18187.0,18191.897959183672,3726.0,3726.0,-1.0,-1.0,-1000.0,-1.0,-1.0,-1.0,-1.0
938,0.0,7131.0,0.0,7131.018999999999,0.0,63.0,0.0,63.014000000000046,1.0,41346.0,26877.0,1.0,19433.0,26877.0,18187.0,18192.38775510204,3726.0,3726.0,-1.0,-1.0,-1000.0,-1.0,-1.0,-1.0,-1.0
939,0.0,7131.0,0.0,7131.018999999999,0.0,63.0,0.0,63.014000000000046,1.0,41346.0,26878.0,1.0,19433.0,26878.0,18187.0,18192.877551020407,3726.0,3726.0,-1.0,-1.0,-1000.0,-1.0,-1.0,-1.0,-1.0
940,0.0,7131.0,0.0,7131.018999999999,0.0,63.0,0.0,63.014000000000046,1.0,41346.0,26879.0,1.0,19433.0,26879.0,18187.0,18193.367346938776,3726.0,3726.0,-1.0,-1.0,-1000.0,-1.0,-1.0,-1.0,-1.0
941,0.0,7131.0,0.0,7131.018999999999,0.0,63.0,0.0,63.014000000000046,1.0,41346.0,26880.0,1.0,19433.0,26880.0,18187.0,18193.85714285714,3726.0,3726.0,-1.0,-1.0,-1000.0,-1.0,-1.0,-1.0,-1.0
942,0.0,7131.0,0.0,7131.018999999999,0.0,63.0,0.0,63.014000000000046,1.0,41346.0,26881.0,1.0,19433.0,26881.0,18187.0,18194.34693877551,3726.0,3726.0,-1.0,-1.0,-1000.0,-1.0,-1.0,-1.0,-1.0
943,0.0,7131.0,0.0,7131.018999999999,0.0,63.0,0.0,63.014000000000046,1.0,41346.0,26882.0,1.0,19433.0,26882.0,18187.0,18194.83673469388,3726.0,3726.0,-1.0,-1.0,-1000.0,-1.0,-1.0,-1.0,-1.0
944,0.0,7131.0,0.0,7131.018999999999,0.0,63.0,0.0,63.014000000000046,1.0,41346.0,26883.0,1.0,19433.0,26883.0,18187.0,18195.326530612245,3726.0,3726.0,-1.0,-1.0,-1000.0,-1.0,-1.0,-1.0,-1.0
945,0.0,7131.0,0.0,7131.018999999999,0.0,63.0,0.0,63.014000000000046,1.0,41346.0,26884.0,1.0,19433.0,26884.0,18187.0,18195.81632653061,3726.0,3726.0,-1.0,-1.0,-1000.0,-1.0,-1.0,-1.0,-1.0
946,0.0,7131.0,0.0,7131.018999999999,0.0,63.0,0.0,63.014000000000046,1.0,41346.0,26885.0,1.0,19433.0,26885.0,18187.0,18196.30612244898,3726.0,3726.0,-1.0,-1.0,-1000.0,-1.0,-1.0,-1.0,-1.0
947,0.0,7131.0,0.0,7131.018999999999,0.0,63.0,0.0,63.014000000000046,1.0,41346.0,26886.0,1.0,19433.0,26886.0,18187.0,18196.79591836735,3726.0,3726.0,-1.0,-1.0,-1000.0,-1.0,-1.0,-1.0,-1.0
948,0.0,7131.0,0.0,7131.018999999999,0.0,63.0,0.0,63.014000000000046,1.0,41346.0,26887.0,1.0,19433.0,26887.0,18187.0,18197.285714285717,3726.0,3726.0,-1.0,-1.0,-1000.0,-1.0,-1.0,-1.0,-1.0
949,0.0,7131.0,0.0,7131.018999999999,0.0,63.0,0.0,63.014000000000046,1.0,41346.0,26888.0,1.0,19433.0,26888.0,18187.0,18197.775510204083,3726.0,3726.0,-1.0,-1.0,-1000.0,-1.0,-1.0,-1.0,-1.0
950,0.0,7131.0,0.0,7131.018999999999,0.0,63.0,0.0,63.014000000000046,1.0,41346.0,26889.0,1.0,19433.0,26889.0,18187.0,18198.26530612245,3726.0,3726.0,-1.0,-1.0,-1000.0,-1.0,-1.0,-1.0,-1.0
951,0.0,7131.0,0.0,7131.018999999999,0.0,63.0,0.0,63.014000000000046,1.0,41346.0,26890.0,1.0,19433.0,26890.0,18187.0,18198.755102040817,3726.0,3726.0,-1.0,-1.0,-1000.0,-1.0,-1.0,-1.0,-1.0
952,0.0,7131.0,0.0,7131.018999999999,0.0,63.0,0.0,63.014000000000046,1.0,41346.0,26891.0,1.0,19433.0,26891.0,18187.0,18199.244897959183,3726.0,3726.0,-1.0,-1.0,-1000.0,-1.0,-1.0,-1.0,-1.0
953,0.0,7131.0,0.0,7131.018999999999,0.0,63.0,0.0,63.014000000000046,1.0,41346.0,26892.0,1.0,19433.0,26892.0,18187.0,18199.73469387755,3726.0,3726.0,-1.0,-1.0,-1000.0,-1.0,-1.0,-1.0,-1.0
954,0.0,7131.0,0.0,7131.018999999999,0.0,63.0,0.0,63.014000000000046,1.0,41346.0,26893.0,1.0,19433.0,26893.0,18187.0,18200.22448979592,3726.0,3726.0,-1.0,-1.0,-1000.0,-1.0,-1.0,-1.0,-1.0
955,0.0,7131.0,0.0,7131.018999999999,0.0,63.0,0.0,63.014000000000046,1.0,41346.0,26894.0,1.0,19433.0,26894.0,18187.0,18200.714285714286,3726.0,3726.0,-1.0,-1.0,-1000.0,-1.0,-1.0,-1.0,-1.0
956,0.0,7131.0,0.0,7131.018999999999,0.0,63.0,0.0,63.014000000000046,1.0,41346.0,26895.0,1.0,19433.0,26895.0,18187.0,18201.20408163265,3726.0,3726.0,-1.0,-1.0,-1000.0,-1.0,-1.0,-1.0,-1.0
957,0.0,7131.0,0.0,7131.018999999999,0.0,63.0,0.0,63.014000000000046,1.0,41346.0,26896.0,1.0,19433.0,26896.0,18187.0,18201.69387755102,3726.0,3726.0,-1.0,-1.0,-1000.0,-1.0,-1.0,-1.0,-1.0
958,0.0,7131.0,0.0,7131.018999999999,0.0,63.0,0.0,63.014000000000046,1.0,41346.0,26897.0,1.0,19433.0,26897.0,18187.0,18202.183673469382,3726.0,3726.0,-1.0,-1.0,-1000.0,-1.0,-1.0,-1.0,-1.0
959,0.0,7131.0,0.0,7131.018999999999,0.0,63.0,0.0,63.014000000000046,1.0,41346.0,26898.0,1.0,19433.0,26898.0,18187.0,18202.673469387755,3726.0,3726.0,-1.0,-1.0,-1000.0,-1.0,-1.0,-1.0,-1.0
960,0.0,7131.0,0.0,7131.018999999999,0.0,63.0,0.0,63.014000000000046,1.0,41346.0,26899.0,1.0,19433.0,26899.0,18187.0,18203.163265306124,3726.0,3726.0,-1.0,-1.0,-1000.0,-1.0,-1.0,-1.0,-1.0
961,0.0,7131.0,0.0,7131.018999999999,0.0,63.0,0.0,63.014000000000046,1.0,41346.0,26900.0,1.0,19433.0,26900.0,18187.0,18203.65306122449,3726.0,3726.0,-1.0,-1.0,-1000.0,-1.0,-1.0,-1.0,-1.0
962,0.0,7131.0,0.0,7131.018999999999,0.0,63.0,0.0,63.014000000000046,1.0,41346.0,26901.0,1.0,19433.0,26901.0,18187.0,18204.14285714286,3726.0,3726.0,-1.0,-1.0,-1000.0,-1.0,-1.0,-1.0,-1.0
963,0.0,7131.0,0.0,7131.018999999999,0.0,63.0,0.0,63.014000000000046,1.0,41346.0,26902.0,1.0,19433.0,26902.0,18187.0,18204.632653061224,3726.0,3726.0,-1.0,-1.0,-1000.0,-1.0,-1.0,-1.0,-1.0
964,0.0,7131.0,0.0,7131.018999999999,0.0,63.0,0.0,63.014000000000046,1.0,41346.0,26903.0,1.0,19433.0,26903.0,18187.0,18205.122448979597,3726.0,3726.0,-1.0,-1.0,-1000.0,-1.0,-1.0,-1.0,-1.0
965,0.0,7131.0,0.0,7131.018999999999,0.0,63.0,0.0,63.014000000000046,1.0,41346.0,26904.0,1.0,19433.0,26904.0,18187.0,18205.61224489796,3726.0,3726.0,-1.0,-1.0,-1000.0,-1.0,-1.0,-1.0,-1.0
966,0.0,7131.0,0.0,7131.018999999999,0.0,63.0,0.0,63.014000000000046,1.0,41346.0,26905.0,1.0,19433.0,26905.0,18187.0,18206.102040816328,3726.0,3726.0,-1.0,-1.0,-1000.0,-1.0,-1.0,-1.0,-1.0
967,0.0,7131.0,0.0,7131.018999999999,0.0,63.0,0.0,63.014000000000046,1.0,41346.0,26906.0,1.0,19433.0,26906.0,18187.0,18206.591836734693,3726.0,3726.0,-1.0,-1.0,-1000.0,-1.0,-1.0,-1.0,-1.0
968,0.0,7131.0,0.0,7131.018999999999,0.0,63.0,0.0,63.014000000000046,1.0,41346.0,26907.0,1.0,19433.0,26907.0,18187.0,18207.081632653066,3726.0,3726.0,-1.0,-1.0,-1000.0,-1.0,-1.0,-1.0,-1.0
969,0.0,7131.0,0.0,7131.018999999999,0.0,63.0,0.0,63.014000000000046,1.0,41346.0,26908.0,1.0,19433.0,26908.0,18187.0,18207.571428571428,3726.0,3726.0,-1.0,-1.0,-1000.0,-1.0,-1.0,-1.0,-1.0
970,0.0,7131.0,0.0,7131.018999999999,0.0,63.0,0.0,63.014000000000046,1.0,41346.0,26909.0,1.0,19433.0,26909.0,18187.0,18208.0612244898,3726.0,3726.0,-1.0,-1.0,-1000.0,-1.0,-1.0,-1.0,-1.0
971,0.0,7131.0,0.0,7131.018999999999,0.0,63.0,0.0,63.014000000000046,1.0,41346.0,26910.0,1.0,19433.0,26910.0,18187.0,18208.55102040816,3726.0,3726.0,-1.0,-1.0,-1000.0,-1.0,-1.0,-1.0,-1.0
972,0.0,7131.0,0.0,7131.018999999999,0.0,63.0,0.0,63.014000000000046,1.0,41346.0,26911.0,1.0,19433.0,26911.0,18187.0,18209.04081632653,3726.0,3726.0,-1.0,-1.0,-1000.0,-1.0,-1.0,-1.0,-1.0
973,0.0,7131.0,0.0,7131.018999999999,0.0,63.0,0.0,63.014000000000046,1.0,41346.0,26912.0,1.0,19433.0,26912.0,18187.0,18209.530612244896,3726.0,3726.0,-1.0,-1.0,-1000.0,-1.0,-1.0,-1.0,-1.0
974,0.0,7131.0,0.0,7131.018999999999,0.0,63.0,0.0,63.014000000000046,1.0,41346.0,26913.0,1.0,19433.0,26913.0,18187.0,18210.020408163266,3726.0,3726.0,-1.0,-1.0,-1000.0,-1.0,-1.0,-1.0,-1.0
975,0.0,7131.0,0.0,7131.018999999999,0.0,63.0,0.0,63.014000000000046,1.0,41346.0,26914.0,1.0,19433.0,26914.0,18187.0,18210.51020408163,3726.0,3726.0,-1.0,-1.0,-1000.0,-1.0,-1.0,-1.0,-1.0
976,0.0,7131.0,0.0,7131.018999999999,0.0,63.0,0.0,63.014000000000046,1.0,41379.0,26915.0,1.0,19442.0,26915.0,18211.0,18211.0,3726.0,3726.0,-1.0,-1.0,-1000.0,-1.0,-1.0,-1.0,-1.0
977,0.0,7131.0,0.0,7131.018999999999,0.0,63.0,0.0,63.014000000000046,1.0,41379.0,26916.0,1.0,19442.0,26916.0,18211.0,18214.571428571428,3726.0,3726.0,-1.0,-1.0,-1000.0,-1.0,-1.0,-1.0,-1.0
978,160.0,7291.0,22.857,7153.875999999999,1.0,64.0,0.143,63.157000000000046,2.0,41379.0,26918.0,2.0,19442.0,26918.0,18211.0,18218.14285714286,3726.0,3726.0,-1.0,-1.0,-1000.0,-1.0,-1.0,-1.0,-1.0
979,0.0,7291.0,22.857,7176.732999999999,0.0,64.0,0.143,63.30000000000005,3.0,41379.0,26921.0,3.0,19442.0,26921.0,18211.0,18221.714285714286,3726.0,3726.0,-1.0,-1.0,-1000.0,-1.0,-1.0,-1.0,-1.0
980,0.0,7291.0,22.857,7199.589999999999,0.0,64.0,0.143,63.44300000000005,3.0,41379.0,26924.0,3.0,19442.0,26924.0,18211.0,18225.285714285717,3726.0,3726.0,-1.0,-1.0,-1000.0,-1.0,-1.0,-1.0,-1.0
981,0.0,7291.0,22.857,7222.446999999999,0.0,64.0,0.143,63.58600000000005,4.0,41379.0,26928.0,4.0,19442.0,26928.0,18211.0,18228.85714285714,3726.0,3726.0,-1.0,-1.0,-1000.0,-1.0,-1.0,-1.0,-1.0
982,0.0,7291.0,22.857,7245.303999999999,0.0,64.0,0.143,63.72900000000005,5.0,41379.0,26933.0,5.0,19442.0,26933.0,18211.0,18232.42857142857,3726.0,3726.0,-1.0,-1.0,-1000.0,-1.0,-1.0,-1.0,-1.0
983,0.0,7291.0,22.857,7268.160999999999,0.0,64.0,0.143,63.87200000000005,5.0,41379.0,26938.0,5.0,19442.0,26938.0,18211.0,18236.0,3726.0,3726.0,-1.0,-1.0,-1000.0,-1.0,-1.0,-1.0,-1.0
984,0.0,7291.0,22.857,7291.017999999999,0.0,64.0,0.143,64.01500000000004,5.0,41379.0,26943.0,5.0,19442.0,26943.0,18211.0,18239.571428571428,3726.0,3726.0,-1.0,-1.0,-1000.0,-1.0,-1.0,-1.0,-1.0
985,14.0,7305.0,2.0,7293.017999999999,0.0,64.0,0.0,64.01500000000004,5.0,41379.0,26948.0,5.0,19442.0,26948.0,18211.0,18243.14285714286,3726.0,3726.0,-1.0,-1.0,-1000.0,-1.0,-1.0,-1.0,-1.0
986,0.0,7305.0,2.0,7295.017999999999,0.0,64.0,0.0,64.01500000000004,5.0,41379.0,26953.0,5.0,19442.0,26953.0,18211.0,18246.714285714286,3726.0,3726.0,-1.0,-1.0,-1000.0,-1.0,-1.0,-1.0,-1.0
987,0.0,7305.0,2.0,7297.017999999999,0.0,64.0,0.0,64.01500000000004,5.0,41379.0,26958.0,5.0,19442.0,26958.0,18211.0,18250.285714285717,3726.0,3726.0,-1.0,-1.0,-1000.0,-1.0,-1.0,-1.0,-1.0
988,0.0,7305.0,2.0,7299.017999999999,0.0,64.0,0.0,64.01500000000004,5.0,41379.0,26963.0,5.0,19442.0,26963.0,18211.0,18253.85714285714,3726.0,3726.0,-1.0,-1.0,-1000.0,-1.0,-1.0,-1.0,-1.0
989,0.0,7305.0,2.0,7301.017999999999,0.0,64.0,0.0,64.01500000000004,5.0,41379.0,26968.0,5.0,19442.0,26968.0,18211.0,18257.42857142857,3726.0,3726.0,-1.0,-1.0,-1000.0,-1.0,-1.0,-1.0,-1.0
990,0.0,7305.0,2.0,7303.017999999999,0.0,64.0,0.0,64.01500000000004,5.0,41453.0,26973.0,5.0,19466.0,26973.0,18261.0,18261.0,3726.0,3726.0,-1.0,-1.0,-1000.0,-1.0,-1.0,-1.0,-1.0
991,0.0,7305.0,2.0,7305.017999999999,0.0,64.0,0.0,64.01500000000004,0.0,41453.0,26973.0,0.0,19466.0,26973.0,18261.0,18261.0,3726.0,3726.0,-1.0,-1.0,-1000.0,-1.0,-1.0,-1.0,-1.0
992,0.0,7305.0,0.0,7305.017999999999,0.0,64.0,0.0,64.01500000000004,0.0,41453.0,26973.0,0.0,19466.0,26973.0,18261.0,18261.0,3726.0,3726.0,-1.0,-1.0,-1000.0,-1.0,-1.0,-1.0,-1.0
993,0.0,7305.0,0.0,7305.017999999999,0.0,64.0,0.0,64.01500000000004,0.0,41453.0,26973.0,0.0,19466.0,26973.0,18261.0,18261.0,3726.0,3726.0,-1.0,-1.0,-1000.0,-1.0,-1.0,-1.0,-1.0
994,0.0,7305.0,0.0,7305.017999999999,0.0,64.0,0.0,64.01500000000004,0.0,41453.0,26973.0,0.0,19466.0,26973.0,18261.0,18261.0,3726.0,3726.0,-1.0,-1.0,-1000.0,-1.0,-1.0,-1.0,-1.0
995,0.0,7305.0,0.0,7305.017999999999,0.0,64.0,0.0,64.01500000000004,0.0,41453.0,26973.0,0.0,19466.0,26973.0,18261.0,18261.0,3726.0,3726.0,-1.0,-1.0,-1000.0,-1.0,-1.0,-1.0,-1.0
996,0.0,7305.0,0.0,7305.017999999999,0.0,64.0,0.0,64.01500000000004,0.0,41453.0,26973.0,0.0,19466.0,26973.0,18261.0,18261.0,3726.0,3726.0,-1.0,-1.0,-1000.0,-1.0,-1.0,-1.0,-1.0
997,0.0,7305.0,0.0,7305.017999999999,0.0,64.0,0.0,64.01500000000004,0.0,41453.0,26973.0,0.0,19466.0,26973.0,18261.0,18261.0,3726.0,3726.0,-1.0,-1.0,-1000.0,-1.0,-1.0,-1.0,-1.0
998,0.0,7305.0,0.0,7305.017999999999,0.0,64.0,0.0,64.01500000000004,0.0,41453.0,26973.0,0.0,19466.0,26973.0,18261.0,18261.0,3726.0,3726.0,-1.0,-1.0,-1000.0,-1.0,-1.0,-1.0,-1.0
999,0.0,7305.0,0.0,7305.017999999999,0.0,64.0,0.0,64.01500000000004,0.0,41453.0,26973.0,0.0,19466.0,26973.0,18261.0,18261.0,3726.0,3726.0,-1.0,-1.0,-1000.0,-1.0,-1.0,-1.0,-1.0
1000,0.0,7305.0,0.0,7305.017999999999,0.0,64.0,0.0,64.01500000000004,0.0,41453.0,26973.0,0.0,19466.0,26973.0,18261.0,18261.0,3726.0,3726.0,-1.0,-1.0,-1000.0,-1.0,-1.0,-1.0,-1.0
1001,0.0,7305.0,0.0,7305.017999999999,0.0,64.0,0.0,64.01500000000004,0.0,41453.0,26973.0,0.0,19466.0,26973.0,18261.0,18261.0,3726.0,3726.0,-1.0,-1.0,-1000.0,-1.0,-1.0,-1.0,-1.0
1002,0.0,7305.0,0.0,7305.017999999999,0.0,64.0,0.0,64.01500000000004,0.0,41453.0,26973.0,0.0,19466.0,26973.0,18261.0,18261.0,3726.0,3726.0,-1.0,-1.0,-1000.0,-1.0,-1.0,-1.0,-1.0
1003,0.0,7305.0,0.0,7305.017999999999,0.0,64.0,0.0,64.01500000000004,0.0,41453.0,26973.0,0.0,19466.0,26973.0,18261.0,18261.0,3726.0,3726.0,-1.0,-1.0,-1000.0,-1.0,-1.0,-1.0,-1.0
1004,0.0,7305.0,0.0,7305.017999999999,0.0,64.0,0.0,64.01500000000004,0.0,41453.0,26973.0,0.0,19466.0,26973.0,18261.0,18261.0,3726.0,3726.0,-1.0,-1.0,-1000.0,-1.0,-1.0,-1.0,-1.0
1005,0.0,7305.0,0.0,7305.017999999999,0.0,64.0,0.0,64.01500000000004,0.0,41453.0,26973.0,0.0,19466.0,26973.0,18261.0,18261.0,3726.0,3726.0,-1.0,-1.0,-1000.0,-1.0,-1.0,-1.0,-1.0
1006,0.0,7305.0,0.0,7305.017999999999,0.0,64.0,0.0,64.01500000000004,0.0,41453.0,26973.0,0.0,19466.0,26973.0,18261.0,18261.0,3726.0,3726.0,-1.0,-1.0,-1000.0,-1.0,-1.0,-1.0,-1.0
1007,0.0,7305.0,0.0,7305.017999999999,0.0,64.0,0.0,64.01500000000004,0.0,41453.0,26973.0,0.0,19466.0,26973.0,18261.0,18261.0,3726.0,3726.0,-1.0,-1.0,-1000.0,-1.0,-1.0,-1.0,-1.0
1008,0.0,7305.0,0.0,7305.017999999999,0.0,64.0,0.0,64.01500000000004,0.0,41453.0,26973.0,0.0,19466.0,26973.0,18261.0,18261.0,3726.0,3726.0,-1.0,-1.0,-1000.0,-1.0,-1.0,-1.0,-1.0
1009,0.0,7305.0,0.0,7305.017999999999,0.0,64.0,0.0,64.01500000000004,0.0,41453.0,26973.0,0.0,19466.0,26973.0,18261.0,18261.0,3726.0,3726.0,-1.0,-1.0,-1000.0,-1.0,-1.0,-1.0,-1.0
1010,0.0,7305.0,0.0,7305.017999999999,0.0,64.0,0.0,64.01500000000004,0.0,41453.0,26973.0,0.0,19466.0,26973.0,18261.0,18261.0,3726.0,3726.0,-1.0,-1.0,-1000.0,-1.0,-1.0,-1.0,-1.0
1011,0.0,7305.0,0.0,7305.017999999999,0.0,64.0,0.0,64.01500000000004,0.0,41453.0,26973.0,0.0,19466.0,26973.0,18261.0,18261.0,3726.0,3726.0,-1.0,-1.0,-1000.0,-1.0,-1.0,-1.0,-1.0
1012,0.0,7305.0,0.0,7305.017999999999,0.0,64.0,0.0,64.01500000000004,0.0,41453.0,26973.0,0.0,19466.0,26973.0,18261.0,18261.0,3726.0,3726.0,-1.0,-1.0,-1000.0,-1.0,-1.0,-1.0,-1.0
1013,0.0,7305.0,0.0,7305.017999999999,0.0,64.0,0.0,64.01500000000004,0.0,41453.0,26973.0,0.0,19466.0,26973.0,18261.0,18261.0,3726.0,3726.0,-1.0,-1.0,-1000.0,-1.0,-1.0,-1.0,-1.0
1014,0.0,7305.0,0.0,7305.017999999999,0.0,64.0,0.0,64.01500000000004,0.0,41453.0,26973.0,0.0,19466.0,26973.0,18261.0,18261.0,3726.0,3726.0,-1.0,-1.0,-1000.0,-1.0,-1.0,-1.0,-1.0
1015,0.0,7305.0,0.0,7305.017999999999,0.0,64.0,0.0,64.01500000000004,0.0,41453.0,26973.0,0.0,19466.0,26973.0,18261.0,18261.0,3726.0,3726.0,-1.0,-1.0,-1000.0,-1.0,-1.0,-1.0,-1.0
1016,0.0,7305.0,0.0,7305.017999999999,0.0,64.0,0.0,64.01500000000004,0.0,41453.0,26973.0,0.0,19466.0,26973.0,18261.0,18261.0,3726.0,3726.0,-1.0,-1.0,-1000.0,-1.0,-1.0,-1.0,-1.0
1017,0.0,7305.0,0.0,7305.017999999999,0.0,64.0,0.0,64.01500000000004,0.0,41453.0,26973.0,0.0,19466.0,26973.0,18261.0,18261.0,3726.0,3726.0,-1.0,-1.0,-1000.0,-1.0,-1.0,-1.0,-1.0
1018,0.0,7305.0,0.0,7305.017999999999,0.0,64.0,0.0,64.01500000000004,0.0,41453.0,26973.0,0.0,19466.0,26973.0,18261.0,18261.0,3726.0,3726.0,-1.0,-1.0,-1000.0,-1.0,-1.0,-1.0,-1.0
1019,0.0,7305.0,0.0,7305.017999999999,0.0,64.0,0.0,64.01500000000004,0.0,41453.0,26973.0,0.0,19466.0,26973.0,18261.0,18261.0,3726.0,3726.0,-1.0,-1.0,-1000.0,-1.0,-1.0,-1.0,-1.0
1020,0.0,7305.0,0.0,7305.017999999999,0.0,64.0,0.0,64.01500000000004,0.0,41453.0,26973.0,0.0,19466.0,26973.0,18261.0,18261.0,3726.0,3726.0,-1.0,-1.0,-1000.0,-1.0,-1.0,-1.0,-1.0
1021,0.0,7305.0,0.0,7305.017999999999,0.0,64.0,0.0,64.01500000000004,0.0,41453.0,26973.0,0.0,19466.0,26973.0,18261.0,18261.0,3726.0,3726.0,-1.0,-1.0,-1000.0,-1.0,-1.0,-1.0,-1.0
1022,0.0,7305.0,0.0,7305.017999999999,0.0,64.0,0.0,64.01500000000004,0.0,41453.0,26973.0,0.0,19466.0,26973.0,18261.0,18261.0,3726.0,3726.0,-1.0,-1.0,-1000.0,-1.0,-1.0,-1.0,-1.0
1023,0.0,7305.0,0.0,7305.017999999999,0.0,64.0,0.0,64.01500000000004,0.0,41453.0,26973.0,0.0,19466.0,26973.0,18261.0,18261.0,3726.0,3726.0,-1.0,-1.0,-1000.0,-1.0,-1.0,-1.0,-1.0
1024,0.0,7305.0,0.0,7305.017999999999,0.0,64.0,0.0,64.01500000000004,0.0,41453.0,26973.0,0.0,19466.0,26973.0,18261.0,18261.0,3726.0,3726.0,-1.0,-1.0,-1000.0,-1.0,-1.0,-1.0,-1.0
1025,0.0,7305.0,0.0,7305.017999999999,0.0,64.0,0.0,64.01500000000004,0.0,41453.0,26973.0,0.0,19466.0,26973.0,18261.0,18261.0,3726.0,3726.0,-1.0,-1.0,-1000.0,-1.0,-1.0,-1.0,-1.0
1026,0.0,7305.0,0.0,7305.017999999999,0.0,64.0,0.0,64.01500000000004,0.0,41453.0,26973.0,0.0,19466.0,26973.0,18261.0,18261.0,3726.0,3726.0,-1.0,-1.0,-1000.0,-1.0,-1.0,-1.0,-1.0
1027,0.0,7305.0,0.0,7305.017999999999,0.0,64.0,0.0,64.01500000000004,0.0,41453.0,26973.0,0.0,19466.0,26973.0,18261.0,18261.0,3726.0,3726.0,-1.0,-1.0,-1000.0,-1.0,-1.0,-1.0,-1.0
1028,0.0,7305.0,0.0,7305.017999999999,0.0,64.0,0.0,64.01500000000004,0.0,41453.0,26973.0,0.0,19466.0,26973.0,18261.0,18261.0,3726.0,3726.0,-1.0,-1.0,-1000.0,-1.0,-1.0,-1.0,-1.0
1029,0.0,7305.0,0.0,7305.017999999999,0.0,64.0,0.0,64.01500000000004,0.0,41453.0,26973.0,0.0,19466.0,26973.0,18261.0,18261.0,3726.0,3726.0,-1.0,-1.0,-1000.0,-1.0,-1.0,-1.0,-1.0
1030,0.0,7305.0,0.0,7305.017999999999,0.0,64.0,0.0,64.01500000000004,0.0,41453.0,26973.0,0.0,19466.0,26973.0,18261.0,18261.0,3726.0,3726.0,-1.0,-1.0,-1000.0,-1.0,-1.0,-1.0,-1.0
1031,0.0,7305.0,0.0,7305.017999999999,0.0,64.0,0.0,64.01500000000004,0.0,41453.0,26973.0,0.0,19466.0,26973.0,18261.0,18261.0,3726.0,3726.0,-1.0,-1.0,-1000.0,-1.0,-1.0,-1.0,-1.0
1032,0.0,7305.0,0.0,7305.017999999999,0.0,64.0,0.0,64.01500000000004,0.0,41453.0,26973.0,0.0,19466.0,26973.0,18261.0,18261.0,3726.0,3726.0,-1.0,-1.0,-1000.0,-1.0,-1.0,-1.0,-1.0
1033,0.0,7305.0,0.0,7305.017999999999,0.0,64.0,0.0,64.01500000000004,0.0,41453.0,26973.0,0.0,19466.0,26973.0,18261.0,18261.0,3726.0,3726.0,-1.0,-1.0,-1000.0,-1.0,-1.0,-1.0,-1.0
1034,0.0,7305.0,0.0,7305.017999999999,0.0,64.0,0.0,64.01500000000004,0.0,41453.0,26973.0,0.0,19466.0,26973.0,18261.0,18261.0,3726.0,3726.0,-1.0,-1.0,-1000.0,-1.0,-1.0,-1.0,-1.0
1035,0.0,7305.0,0.0,7305.017999999999,0.0,64.0,0.0,64.01500000000004,0.0,41453.0,26973.0,0.0,19466.0,26973.0,18261.0,18261.0,3726.0,3726.0,-1.0,-1.0,-1000.0,-1.0,-1.0,-1.0,-1.0
1036,0.0,7305.0,0.0,7305.017999999999,0.0,64.0,0.0,64.01500000000004,0.0,41453.0,26973.0,0.0,19466.0,26973.0,18261.0,18261.0,3726.0,3726.0,-1.0,-1.0,-1000.0,-1.0,-1.0,-1.0,-1.0
1037,0.0,7305.0,0.0,7305.017999999999,0.0,64.0,0.0,64.01500000000004,0.0,41453.0,26973.0,0.0,19466.0,26973.0,18261.0,18261.0,3726.0,3726.0,-1.0,-1.0,-1000.0,-1.0,-1.0,-1.0,-1.0
1038,0.0,7305.0,0.0,7305.017999999999,0.0,64.0,0.0,64.01500000000004,0.0,41453.0,26973.0,0.0,19466.0,26973.0,18261.0,18261.0,3726.0,3726.0,-1.0,-1.0,-1000.0,-1.0,-1.0,-1.0,-1.0
1039,0.0,7305.0,0.0,7305.017999999999,0.0,64.0,0.0,64.01500000000004,0.0,41453.0,26973.0,0.0,19466.0,26973.0,18261.0,18261.0,3726.0,3726.0,-1.0,-1.0,-1000.0,-1.0,-1.0,-1.0,-1.0
1040,0.0,7305.0,0.0,7305.017999999999,0.0,64.0,0.0,64.01500000000004,0.0,41453.0,26973.0,0.0,19466.0,26973.0,18261.0,18261.0,3726.0,3726.0,-1.0,-1.0,-1000.0,-1.0,-1.0,-1.0,-1.0
1041,0.0,7305.0,0.0,7305.017999999999,0.0,64.0,0.0,64.01500000000004,0.0,41453.0,26973.0,0.0,19466.0,26973.0,18261.0,18261.0,3726.0,3726.0,-1.0,-1.0,-1000.0,-1.0,-1.0,-1.0,-1.0
1042,0.0,7305.0,0.0,7305.017999999999,0.0,64.0,0.0,64.01500000000004,0.0,41453.0,26973.0,0.0,19466.0,26973.0,18261.0,18261.0,3726.0,3726.0,-1.0,-1.0,-1000.0,-1.0,-1.0,-1.0,-1.0
1043,0.0,7305.0,0.0,7305.017999999999,0.0,64.0,0.0,64.01500000000004,0.0,41453.0,26973.0,0.0,19466.0,26973.0,18261.0,18261.0,3726.0,3726.0,-1.0,-1.0,-1000.0,-1.0,-1.0,-1.0,-1.0
1044,0.0,7305.0,0.0,7305.017999999999,0.0,64.0,0.0,64.01500000000004,0.0,41453.0,26973.0,0.0,19466.0,26973.0,18261.0,18261.0,3726.0,3726.0,-1.0,-1.0,-1000.0,-1.0,-1.0,-1.0,-1.0
1045,0.0,7305.0,0.0,7305.017999999999,0.0,64.0,0.0,64.01500000000004,0.0,41453.0,26973.0,0.0,19466.0,26973.0,18261.0,18261.0,3726.0,3726.0,-1.0,-1.0,-1000.0,-1.0,-1.0,-1.0,-1.0
1046,0.0,7305.0,0.0,7305.017999999999,0.0,64.0,0.0,64.01500000000004,0.0,41453.0,26973.0,0.0,19466.0,26973.0,18261.0,18261.0,3726.0,3726.0,-1.0,-1.0,-1000.0,-1.0,-1.0,-1.0,-1.0
1047,0.0,7305.0,0.0,7305.017999999999,0.0,64.0,0.0,64.01500000000004,0.0,41453.0,26973.0,0.0,19466.0,26973.0,18261.0,18261.0,3726.0,3726.0,-1.0,-1.0,-1000.0,-1.0,-1.0,-1.0,-1.0
1048,0.0,7305.0,0.0,7305.017999999999,0.0,64.0,0.0,64.01500000000004,0.0,41453.0,26973.0,0.0,19466.0,26973.0,18261.0,18261.0,3726.0,3726.0,-1.0,-1.0,-1000.0,-1.0,-1.0,-1.0,-1.0
1049,0.0,7305.0,0.0,7305.017999999999,0.0,64.0,0.0,64.01500000000004,0.0,41453.0,26973.0,0.0,19466.0,26973.0,18261.0,18261.0,3726.0,3726.0,-1.0,-1.0,-1000.0,-1.0,-1.0,-1.0,-1.0
1050,0.0,7305.0,0.0,7305.017999999999,0.0,64.0,0.0,64.01500000000004,0.0,41453.0,26973.0,0.0,19466.0,26973.0,18261.0,18261.0,3726.0,3726.0,-1.0,-1.0,-1000.0,-1.0,-1.0,-1.0,-1.0
1051,0.0,7305.0,0.0,7305.017999999999,0.0,64.0,0.0,64.01500000000004,0.0,41453.0,26973.0,0.0,19466.0,26973.0,18261.0,18261.0,3726.0,3726.0,-1.0,-1.0,-1000.0,-1.0,-1.0,-1.0,-1.0
1052,0.0,7305.0,0.0,7305.017999999999,0.0,64.0,0.0,64.01500000000004,0.0,41453.0,26973.0,0.0,19466.0,26973.0,18261.0,18261.0,3726.0,3726.0,-1.0,-1.0,-1000.0,-1.0,-1.0,-1.0,-1.0
1053,0.0,7305.0,0.0,7305.017999999999,0.0,64.0,0.0,64.01500000000004,0.0,41453.0,26973.0,0.0,19466.0,26973.0,18261.0,18261.0,3726.0,3726.0,-1.0,-1.0,-1000.0,-1.0,-1.0,-1.0,-1.0
1054,0.0,7305.0,0.0,7305.017999999999,0.0,64.0,0.0,64.01500000000004,0.0,41453.0,26973.0,0.0,19466.0,26973.0,18261.0,18261.0,3726.0,3726.0,-1.0,-1.0,-1000.0,-1.0,-1.0,-1.0,-1.0
1055,0.0,7305.0,0.0,7305.017999999999,0.0,64.0,0.0,64.01500000000004,0.0,41453.0,26973.0,0.0,19466.0,26973.0,18261.0,18261.0,3726.0,3726.0,-1.0,-1.0,-1000.0,-1.0,-1.0,-1.0,-1.0
1056,0.0,7305.0,0.0,7305.017999999999,0.0,64.0,0.0,64.01500000000004,0.0,41453.0,26973.0,0.0,19466.0,26973.0,18261.0,18261.0,3726.0,3726.0,-1.0,-1.0,-1000.0,-1.0,-1.0,-1.0,-1.0
1057,0.0,7305.0,0.0,7305.017999999999,0.0,64.0,0.0,64.01500000000004,0.0,41453.0,26973.0,0.0,19466.0,26973.0,18261.0,18261.0,3726.0,3726.0,-1.0,-1.0,-1000.0,-1.0,-1.0,-1.0,-1.0
1058,0.0,7305.0,0.0,7305.017999999999,0.0,64.0,0.0,64.01500000000004,0.0,41453.0,26973.0,0.0,19466.0,26973.0,18261.0,18261.0,3726.0,3726.0,-1.0,-1.0,-1000.0,-1.0,-1.0,-1.0,-1.0
1059,0.0,7305.0,0.0,7305.017999999999,0.0,64.0,0.0,64.01500000000004,0.0,41453.0,26973.0,0.0,19466.0,26973.0,18261.0,18261.0,3726.0,3726.0,-1.0,-1.0,-1000.0,-1.0,-1.0,-1.0,-1.0
1060,0.0,7305.0,0.0,7305.017999999999,0.0,64.0,0.0,64.01500000000004,0.0,41453.0,26973.0,0.0,19466.0,26973.0,18261.0,18261.0,3726.0,3726.0,-1.0,-1.0,-1000.0,-1.0,-1.0,-1.0,-1.0
1061,0.0,7305.0,0.0,7305.017999999999,0.0,64.0,0.0,64.01500000000004,0.0,41453.0,26973.0,0.0,19466.0,26973.0,18261.0,18261.0,3726.0,3726.0,-1.0,-1.0,-1000.0,-1.0,-1.0,-1.0,-1.0
1062,0.0,7305.0,0.0,7305.017999999999,0.0,64.0,0.0,64.01500000000004,0.0,41453.0,26973.0,0.0,19466.0,26973.0,18261.0,18261.0,3726.0,3726.0,-1.0,-1.0,-1000.0,-1.0,-1.0,-1.0,-1.0
1063,0.0,7305.0,0.0,7305.017999999999,0.0,64.0,0.0,64.01500000000004,0.0,41453.0,26973.0,0.0,19466.0,26973.0,18261.0,18261.0,3726.0,3726.0,-1.0,-1.0,-1000.0,-1.0,-1.0,-1.0,-1.0
1064,0.0,7305.0,0.0,7305.017999999999,0.0,64.0,0.0,64.01500000000004,0.0,41453.0,26973.0,0.0,19466.0,26973.0,18261.0,18261.0,3726.0,3726.0,-1.0,-1.0,-1000.0,-1.0,-1.0,-1.0,-1.0
1065,0.0,7305.0,0.0,7305.017999999999,0.0,64.0,0.0,64.01500000000004,0.0,41453.0,26973.0,0.0,19466.0,26973.0,18261.0,18261.0,3726.0,3726.0,-1.0,-1.0,-1000.0,-1.0,-1.0,-1.0,-1.0
1066,0.0,7305.0,0.0,7305.017999999999,0.0,64.0,0.0,64.01500000000004,0.0,41453.0,26973.0,0.0,19466.0,26973.0,18261.0,18261.0,3726.0,3726.0,-1.0,-1.0,-1000.0,-1.0,-1.0,-1.0,-1.0
1067,0.0,7305.0,0.0,7305.017999999999,0.0,64.0,0.0,64.01500000000004,0.0,41453.0,26973.0,0.0,19466.0,26973.0,18261.0,18261.0,3726.0,3726.0,-1.0,-1.0,-1000.0,-1.0,-1.0,-1.0,-1.0
1068,0.0,7305.0,0.0,7305.017999999999,0.0,64.0,0.0,64.01500000000004,0.0,41453.0,26973.0,0.0,19466.0,26973.0,18261.0,18261.0,3726.0,3726.0,-1.0,-1.0,-1000.0,-1.0,-1.0,-1.0,-1.0
1069,0.0,7305.0,0.0,7305.017999999999,0.0,64.0,0.0,64.01500000000004,0.0,41453.0,26973.0,0.0,19466.0,26973.0,18261.0,18261.0,3726.0,3726.0,-1.0,-1.0,-1000.0,-1.0,-1.0,-1.0,-1.0
1070,0.0,7305.0,0.0,7305.017999999999,0.0,64.0,0.0,64.01500000000004,0.0,41453.0,26973.0,0.0,19466.0,26973.0,18261.0,18261.0,3726.0,3726.0,-1.0,-1.0,-1000.0,-1.0,-1.0,-1.0,-1.0
1071,0.0,7305.0,0.0,7305.017999999999,0.0,64.0,0.0,64.01500000000004,0.0,41453.0,26973.0,0.0,19466.0,26973.0,18261.0,18261.0,3726.0,3726.0,-1.0,-1.0,-1000.0,-1.0,-1.0,-1.0,-1.0
1072,0.0,7305.0,0.0,7305.017999999999,0.0,64.0,0.0,64.01500000000004,0.0,41453.0,26973.0,0.0,19466.0,26973.0,18261.0,18261.0,3726.0,3726.0,-1.0,-1.0,-1000.0,-1.0,-1.0,-1.0,-1.0
1073,0.0,7305.0,0.0,7305.017999999999,0.0,64.0,0.0,64.01500000000004,0.0,41453.0,26973.0,0.0,19466.0,26973.0,18261.0,18261.0,3726.0,3726.0,-1.0,-1.0,-1000.0,-1.0,-1.0,-1.0,-1.0
1074,0.0,7305.0,0.0,7305.017999999999,0.0,64.0,0.0,64.01500000000004,0.0,41453.0,26973.0,0.0,19466.0,26973.0,18261.0,18261.0,3726.0,3726.0,-1.0,-1.0,-1000.0,-1.0,-1.0,-1.0,-1.0
1075,0.0,7305.0,0.0,7305.017999999999,0.0,64.0,0.0,64.01500000000004,0.0,41453.0,26973.0,0.0,19466.0,26973.0,18261.0,18261.0,3726.0,3726.0,-1.0,-1.0,-1000.0,-1.0,-1.0,-1.0,-1.0
1076,0.0,7305.0,0.0,7305.017999999999,0.0,64.0,0.0,64.01500000000004,0.0,41453.0,26973.0,0.0,19466.0,26973.0,18261.0,18261.0,3726.0,3726.0,-1.0,-1.0,-1000.0,-1.0,-1.0,-1.0,-1.0
1077,0.0,7305.0,0.0,7305.017999999999,0.0,64.0,0.0,64.01500000000004,0.0,41453.0,26973.0,0.0,19466.0,26973.0,18261.0,18261.0,3726.0,3726.0,-1.0,-1.0,-1000.0,-1.0,-1.0,-1.0,-1.0
1078,0.0,7305.0,0.0,7305.017999999999,0.0,64.0,0.0,64.01500000000004,0.0,41453.0,26973.0,0.0,19466.0,26973.0,18261.0,18261.0,3726.0,3726.0,-1.0,-1.0,-1000.0,-1.0,-1.0,-1.0,-1.0
1079,0.0,7305.0,0.0,7305.017999999999,0.0,64.0,0.0,64.01500000000004,0.0,41453.0,26973.0,0.0,19466.0,26973.0,18261.0,18261.0,3726.0,3726.0,-1.0,-1.0,-1000.0,-1.0,-1.0,-1.0,-1.0
1080,0.0,7305.0,0.0,7305.017999999999,0.0,64.0,0.0,64.01500000000004,0.0,41453.0,26973.0,0.0,19466.0,26973.0,18261.0,18261.0,3726.0,3726.0,-1.0,-1.0,-1000.0,-1.0,-1.0,-1.0,-1.0
1081,0.0,7305.0,0.0,7305.017999999999,0.0,64.0,0.0,64.01500000000004,0.0,41453.0,26973.0,0.0,19466.0,26973.0,18261.0,18261.0,3726.0,3726.0,-1.0,-1.0,-1000.0,-1.0,-1.0,-1.0,-1.0
1082,0.0,7305.0,0.0,7305.017999999999,0.0,64.0,0.0,64.01500000000004,0.0,41453.0,26973.0,0.0,19466.0,26973.0,18261.0,18261.0,3726.0,3726.0,-1.0,-1.0,-1000.0,-1.0,-1.0,-1.0,-1.0
1083,0.0,7305.0,0.0,7305.017999999999,0.0,64.0,0.0,64.01500000000004,0.0,41453.0,26973.0,0.0,19466.0,26973.0,18261.0,18261.0,3726.0,3726.0,-1.0,-1.0,-1000.0,-1.0,-1.0,-1.0,-1.0
1084,0.0,7305.0,0.0,7305.017999999999,0.0,64.0,0.0,64.01500000000004,0.0,41453.0,26973.0,0.0,19466.0,26973.0,18261.0,18261.0,3726.0,3726.0,-1.0,-1.0,-1000.0,-1.0,-1.0,-1.0,-1.0
1085,0.0,7305.0,0.0,7305.017999999999,0.0,64.0,0.0,64.01500000000004,0.0,41453.0,26973.0,0.0,19466.0,26973.0,18261.0,18261.0,3726.0,3726.0,-1.0,-1.0,-1000.0,-1.0,-1.0,-1.0,-1.0
1086,0.0,7305.0,0.0,7305.017999999999,0.0,64.0,0.0,64.01500000000004,0.0,41453.0,26973.0,0.0,19466.0,26973.0,18261.0,18261.0,3726.0,3726.0,-1.0,-1.0,-1000.0,-1.0,-1.0,-1.0,-1.0
1087,0.0,7305.0,0.0,7305.017999999999,0.0,64.0,0.0,64.01500000000004,0.0,41453.0,26973.0,0.0,19466.0,26973.0,18261.0,18261.0,3726.0,3726.0,-1.0,-1.0,-1000.0,-1.0,-1.0,-1.0,-1.0
1088,0.0,7305.0,0.0,7305.017999999999,0.0,64.0,0.0,64.01500000000004,0.0,41453.0,26973.0,0.0,19466.0,26973.0,18261.0,18261.0,3726.0,3726.0,-1.0,-1.0,-1000.0,-1.0,-1.0,-1.0,-1.0
1089,0.0,7305.0,0.0,7305.017999999999,0.0,64.0,0.0,64.01500000000004,0.0,41453.0,26973.0,0.0,19466.0,26973.0,18261.0,18261.0,3726.0,3726.0,-1.0,-1.0,-1000.0,-1.0,-1.0,-1.0,-1.0
1090,0.0,7305.0,0.0,7305.017999999999,0.0,64.0,0.0,64.01500000000004,0.0,41453.0,26973.0,0.0,19466.0,26973.0,18261.0,18261.0,3726.0,3726.0,-1.0,-1.0,-1000.0,-1.0,-1.0,-1.0,-1.0
1091,0.0,7305.0,0.0,7305.017999999999,0.0,64.0,0.0,64.01500000000004,0.0,41453.0,26973.0,0.0,19466.0,26973.0,18261.0,18261.0,3726.0,3726.0,-1.0,-1.0,-1000.0,-1.0,-1.0,-1.0,-1.0
1092,0.0,7305.0,0.0,7305.017999999999,0.0,64.0,0.0,64.01500000000004,0.0,41453.0,26973.0,0.0,19466.0,26973.0,18261.0,18261.0,3726.0,3726.0,-1.0,-1.0,-1000.0,-1.0,-1.0,-1.0,-1.0
1093,0.0,7305.0,0.0,7305.017999999999,0.0,64.0,0.0,64.01500000000004,0.0,41453.0,26973.0,0.0,19466.0,26973.0,18261.0,18261.0,3726.0,3726.0,-1.0,-1.0,-1000.0,-1.0,-1.0,-1.0,-1.0
1094,0.0,7305.0,0.0,7305.017999999999,0.0,64.0,0.0,64.01500000000004,0.0,41453.0,26973.0,0.0,19466.0,26973.0,18261.0,18261.0,3726.0,3726.0,-1.0,-1.0,-1000.0,-1.0,-1.0,-1.0,-1.0
1095,0.0,7305.0,0.0,7305.017999999999,0.0,64.0,0.0,64.01500000000004,0.0,41453.0,26973.0,0.0,19466.0,26973.0,18261.0,18261.0,3726.0,3726.0,-1.0,-1.0,-1000.0,-1.0,-1.0,-1.0,-1.0
1096,0.0,7305.0,0.0,7305.017999999999,0.0,64.0,0.0,64.01500000000004,0.0,41453.0,26973.0,0.0,19466.0,26973.0,18261.0,18261.0,3726.0,3726.0,-1.0,-1.0,-1000.0,-1.0,-1.0,-1.0,-1.0
1097,0.0,7305.0,0.0,7305.017999999999,0.0,64.0,0.0,64.01500000000004,0.0,41453.0,26973.0,0.0,19466.0,26973.0,18261.0,18261.0,3726.0,3726.0,-1.0,-1.0,-1000.0,-1.0,-1.0,-1.0,-1.0
1098,0.0,7305.0,0.0,7305.017999999999,0.0,64.0,0.0,64.01500000000004,0.0,41453.0,26973.0,0.0,19466.0,26973.0,18261.0,18261.0,3726.0,3726.0,-1.0,-1.0,-1000.0,-1.0,-1.0,-1.0,-1.0
1099,0.0,7305.0,0.0,7305.017999999999,0.0,64.0,0.0,64.01500000000004,0.0,41453.0,26973.0,0.0,19466.0,26973.0,18261.0,18261.0,3726.0,3726.0,-1.0,-1.0,-1000.0,-1.0,-1.0,-1.0,-1.0
1100,0.0,7305.0,0.0,7305.017999999999,0.0,64.0,0.0,64.01500000000004,0.0,41453.0,26973.0,0.0,19466.0,26973.0,18261.0,18261.0,3726.0,3726.0,-1.0,-1.0,-1000.0,-1.0,-1.0,-1.0,-1.0
1101,0.0,7305.0,0.0,7305.017999999999,0.0,64.0,0.0,64.01500000000004,0.0,41453.0,26973.0,0.0,19466.0,26973.0,18261.0,18261.0,3726.0,3726.0,-1.0,-1.0,-1000.0,-1.0,-1.0,-1.0,-1.0
1102,0.0,7305.0,0.0,7305.017999999999,0.0,64.0,0.0,64.01500000000004,0.0,41453.0,26973.0,0.0,19466.0,26973.0,18261.0,18261.0,3726.0,3726.0,-1.0,-1.0,-1000.0,-1.0,-1.0,-1.0,-1.0
1103,0.0,7305.0,0.0,7305.017999999999,0.0,64.0,0.0,64.01500000000004,0.0,41453.0,26973.0,0.0,19466.0,26973.0,18261.0,18261.0,3726.0,3726.0,-1.0,-1.0,-1000.0,-1.0,-1.0,-1.0,-1.0
1104,0.0,7305.0,0.0,7305.017999999999,0.0,64.0,0.0,64.01500000000004,0.0,41453.0,26973.0,0.0,19466.0,26973.0,18261.0,18261.0,3726.0,3726.0,-1.0,-1.0,-1000.0,-1.0,-1.0,-1.0,-1.0
1105,0.0,7305.0,0.0,7305.017999999999,0.0,64.0,0.0,64.01500000000004,0.0,41453.0,26973.0,0.0,19466.0,26973.0,18261.0,18261.0,3726.0,3726.0,-1.0,-1.0,-1000.0,-1.0,-1.0,-1.0,-1.0
1106,0.0,7305.0,0.0,7305.017999999999,0.0,64.0,0.0,64.01500000000004,0.0,41453.0,26973.0,0.0,19466.0,26973.0,18261.0,18261.0,3726.0,3726.0,-1.0,-1.0,-1000.0,-1.0,-1.0,-1.0,-1.0
1107,0.0,7305.0,0.0,7305.017999999999,0.0,64.0,0.0,64.01500000000004,0.0,41453.0,26973.0,0.0,19466.0,26973.0,18261.0,18261.0,3726.0,3726.0,-1.0,-1.0,-1000.0,-1.0,-1.0,-1.0,-1.0
1108,0.0,7305.0,0.0,7305.017999999999,0.0,64.0,0.0,64.01500000000004,0.0,41453.0,26973.0,0.0,19466.0,26973.0,18261.0,18261.0,3726.0,3726.0,-1.0,-1.0,-1000.0,-1.0,-1.0,-1.0,-1.0
1109,0.0,7305.0,0.0,7305.017999999999,0.0,64.0,0.0,64.01500000000004,0.0,41453.0,26973.0,0.0,19466.0,26973.0,18261.0,18261.0,3726.0,3726.0,-1.0,-1.0,-1000.0,-1.0,-1.0,-1.0,-1.0
1110,0.0,7305.0,0.0,7305.017999999999,0.0,64.0,0.0,64.01500000000004,0.0,41453.0,26973.0,0.0,19466.0,26973.0,18261.0,18261.0,3726.0,3726.0,-1.0,-1.0,-1000.0,-1.0,-1.0,-1.0,-1.0
1111,0.0,7305.0,0.0,7305.017999999999,0.0,64.0,0.0,64.01500000000004,0.0,41453.0,26973.0,0.0,19466.0,26973.0,18261.0,18261.0,3726.0,3726.0,-1.0,-1.0,-1000.0,-1.0,-1.0,-1.0,-1.0
1112,0.0,7305.0,0.0,7305.017999999999,0.0,64.0,0.0,64.01500000000004,0.0,41453.0,26973.0,0.0,19466.0,26973.0,18261.0,18261.0,3726.0,3726.0,-1.0,-1.0,-1000.0,-1.0,-1.0,-1.0,-1.0
1113,0.0,7305.0,0.0,7305.017999999999,0.0,64.0,0.0,64.01500000000004,0.0,41453.0,26973.0,0.0,19466.0,26973.0,18261.0,18261.0,3726.0,3726.0,-1.0,-1.0,-1000.0,-1.0,-1.0,-1.0,-1.0
1114,0.0,7305.0,0.0,7305.017999999999,0.0,64.0,0.0,64.01500000000004,0.0,41453.0,26973.0,0.0,19466.0,26973.0,18261.0,18261.0,3726.0,3726.0,-1.0,-1.0,-1000.0,-1.0,-1.0,-1.0,-1.0
1115,0.0,7305.0,0.0,7305.017999999999,0.0,64.0,0.0,64.01500000000004,0.0,41453.0,26973.0,0.0,19466.0,26973.0,18261.0,18261.0,3726.0,3726.0,-1.0,-1.0,-1000.0,-1.0,-1.0,-1.0,-1.0
1116,0.0,7305.0,0.0,7305.017999999999,0.0,64.0,0.0,64.01500000000004,0.0,41453.0,26973.0,0.0,19466.0,26973.0,18261.0,18261.0,3726.0,3726.0,-1.0,-1.0,-1000.0,-1.0,-1.0,-1.0,-1.0
1117,0.0,7305.0,0.0,7305.017999999999,0.0,64.0,0.0,64.01500000000004,0.0,41453.0,26973.0,0.0,19466.0,26973.0,18261.0,18261.0,3726.0,3726.0,-1.0,-1.0,-1000.0,-1.0,-1.0,-1.0,-1.0
1118,0.0,7305.0,0.0,7305.017999999999,0.0,64.0,0.0,64.01500000000004,0.0,41453.0,26973.0,0.0,19466.0,26973.0,18261.0,18261.0,3726.0,3726.0,-1.0,-1.0,-1000.0,-1.0,-1.0,-1.0,-1.0
1119,0.0,7305.0,0.0,7305.017999999999,0.0,64.0,0.0,64.01500000000004,0.0,41453.0,26973.0,0.0,19466.0,26973.0,18261.0,18261.0,3726.0,3726.0,-1.0,-1.0,-1000.0,-1.0,-1.0,-1.0,-1.0
1120,0.0,7305.0,0.0,7305.017999999999,0.0,64.0,0.0,64.01500000000004,0.0,41453.0,26973.0,0.0,19466.0,26973.0,18261.0,18261.0,3726.0,3726.0,-1.0,-1.0,-1000.0,-1.0,-1.0,-1.0,-1.0
1121,0.0,7305.0,0.0,7305.017999999999,0.0,64.0,0.0,64.01500000000004,0.0,41453.0,26973.0,0.0,19466.0,26973.0,18261.0,18261.0,3726.0,3726.0,-1.0,-1.0,-1000.0,-1.0,-1.0,-1.0,-1.0
1122,0.0,7305.0,0.0,7305.017999999999,0.0,64.0,0.0,64.01500000000004,0.0,41453.0,26973.0,0.0,19466.0,26973.0,18261.0,18261.0,3726.0,3726.0,-1.0,-1.0,-1000.0,-1.0,-1.0,-1.0,-1.0
1123,0.0,7305.0,0.0,7305.017999999999,0.0,64.0,0.0,64.01500000000004,0.0,41453.0,26973.0,0.0,19466.0,26973.0,18261.0,18261.0,3726.0,3726.0,-1.0,-1.0,-1000.0,-1.0,-1.0,-1.0,-1.0
1124,0.0,7305.0,0.0,7305.017999999999,0.0,64.0,0.0,64.01500000000004,0.0,41453.0,26973.0,0.0,19466.0,26973.0,18261.0,18261.0,3726.0,3726.0,-1.0,-1.0,-1000.0,-1.0,-1.0,-1.0,-1.0
1125,0.0,7305.0,0.0,7305.017999999999,0.0,64.0,0.0,64.01500000000004,0.0,41453.0,26973.0,0.0,19466.0,26973.0,18261.0,18261.0,3726.0,3726.0,-1.0,-1.0,-1000.0,-1.0,-1.0,-1.0,-1.0
1126,0.0,7305.0,0.0,7305.017999999999,0.0,64.0,0.0,64.01500000000004,0.0,41453.0,26973.0,0.0,19466.0,26973.0,18261.0,18261.0,3726.0,3726.0,-1.0,-1.0,-1000.0,-1.0,-1.0,-1.0,-1.0
1127,0.0,7305.0,0.0,7305.017999999999,0.0,64.0,0.0,64.01500000000004,0.0,41453.0,26973.0,0.0,19466.0,26973.0,18261.0,18261.0,3726.0,3726.0,-1.0,-1.0,-1000.0,-1.0,-1.0,-1.0,-1.0
1128,0.0,7305.0,0.0,7305.017999999999,0.0,64.0,0.0,64.01500000000004,0.0,41453.0,26973.0,0.0,19466.0,26973.0,18261.0,18261.0,3726.0,3726.0,-1.0,-1.0,-1000.0,-1.0,-1.0,-1.0,-1.0
1129,0.0,7305.0,0.0,7305.017999999999,0.0,64.0,0.0,64.01500000000004,0.0,41453.0,26973.0,0.0,19466.0,26973.0,18261.0,18261.0,3726.0,3726.0,-1.0,-1.0,-1000.0,-1.0,-1.0,-1.0,-1.0
1130,0.0,7305.0,0.0,7305.017999999999,0.0,64.0,0.0,64.01500000000004,0.0,41453.0,26973.0,0.0,19466.0,26973.0,18261.0,18261.0,3726.0,3726.0,-1.0,-1.0,-1000.0,-1.0,-1.0,-1.0,-1.0
1131,0.0,7305.0,0.0,7305.017999999999,0.0,64.0,0.0,64.01500000000004,0.0,41453.0,26973.0,0.0,19466.0,26973.0,18261.0,18261.0,3726.0,3726.0,-1.0,-1.0,-1000.0,-1.0,-1.0,-1.0,-1.0
1132,0.0,7305.0,0.0,7305.017999999999,0.0,64.0,0.0,64.01500000000004,0.0,41453.0,26973.0,0.0,19466.0,26973.0,18261.0,18261.0,3726.0,3726.0,-1.0,-1.0,-1000.0,-1.0,-1.0,-1.0,-1.0
1133,0.0,7305.0,0.0,7305.017999999999,0.0,64.0,0.0,64.01500000000004,0.0,41453.0,26973.0,0.0,19466.0,26973.0,18261.0,18261.0,3726.0,3726.0,-1.0,-1.0,-1000.0,-1.0,-1.0,-1.0,-1.0
1134,0.0,7305.0,0.0,7305.017999999999,0.0,64.0,0.0,64.01500000000004,0.0,41453.0,26973.0,0.0,19466.0,26973.0,18261.0,18261.0,3726.0,3726.0,-1.0,-1.0,-1000.0,-1.0,-1.0,-1.0,-1.0
1135,0.0,7305.0,0.0,7305.017999999999,0.0,64.0,0.0,64.01500000000004,0.0,41453.0,26973.0,0.0,19466.0,26973.0,18261.0,18261.0,3726.0,3726.0,-1.0,-1.0,-1000.0,-1.0,-1.0,-1.0,-1.0
1136,0.0,7305.0,0.0,7305.017999999999,0.0,64.0,0.0,64.01500000000004,0.0,41453.0,26973.0,0.0,19466.0,26973.0,18261.0,18261.0,3726.0,3726.0,-1.0,-1.0,-1000.0,-1.0,-1.0,-1.0,-1.0
1137,0.0,7305.0,0.0,7305.017999999999,0.0,64.0,0.0,64.01500000000004,0.0,41453.0,26973.0,0.0,19466.0,26973.0,18261.0,18261.0,3726.0,3726.0,-1.0,-1.0,-1000.0,-1.0,-1.0,-1.0,-1.0
1138,0.0,7305.0,0.0,7305.017999999999,0.0,64.0,0.0,64.01500000000004,0.0,41453.0,26973.0,0.0,19466.0,26973.0,18261.0,18261.0,3726.0,3726.0,-1.0,-1.0,-1000.0,-1.0,-1.0,-1.0,-1.0
1139,0.0,7305.0,0.0,7305.017999999999,0.0,64.0,0.0,64.01500000000004,0.0,41453.0,26973.0,0.0,19466.0,26973.0,18261.0,18261.0,3726.0,3726.0,-1.0,-1.0,-1000.0,-1.0,-1.0,-1.0,-1.0
1140,0.0,7305.0,0.0,7305.017999999999,0.0,64.0,0.0,64.01500000000004,0.0,41453.0,26973.0,0.0,19466.0,26973.0,18261.0,18261.0,3726.0,3726.0,-1.0,-1.0,-1000.0,-1.0,-1.0,-1.0,-1.0
1141,0.0,7305.0,0.0,7305.017999999999,0.0,64.0,0.0,64.01500000000004,0.0,41453.0,26973.0,0.0,19466.0,26973.0,18261.0,18261.0,3726.0,3726.0,-1.0,-1.0,-1000.0,-1.0,-1.0,-1.0,-1.0
1142,0.0,7305.0,0.0,7305.017999999999,0.0,64.0,0.0,64.01500000000004,0.0,41453.0,26973.0,0.0,19466.0,26973.0,18261.0,18261.0,3726.0,3726.0,-1.0,-1.0,-1000.0,-1.0,-1.0,-1.0,-1.0
1143,0.0,7305.0,0.0,7305.017999999999,0.0,64.0,0.0,64.01500000000004,0.0,41453.0,26973.0,0.0,19466.0,26973.0,18261.0,18261.0,3726.0,3726.0,-1.0,-1.0,-1000.0,-1.0,-1.0,-1.0,-1.0
1144,0.0,7305.0,0.0,7305.017999999999,0.0,64.0,0.0,64.01500000000004,0.0,41453.0,26973.0,0.0,19466.0,26973.0,18261.0,18261.0,3726.0,3726.0,-1.0,-1.0,-1000.0,-1.0,-1.0,-1.0,-1.0
1145,0.0,7305.0,0.0,7305.017999999999,0.0,64.0,0.0,64.01500000000004,0.0,41453.0,26973.0,0.0,19466.0,26973.0,18261.0,18261.0,3726.0,3726.0,-1.0,-1.0,-1000.0,-1.0,-1.0,-1.0,-1.0
1146,0.0,7305.0,0.0,7305.017999999999,0.0,64.0,0.0,64.01500000000004,0.0,41453.0,26973.0,0.0,19466.0,26973.0,18261.0,18261.0,3726.0,3726.0,-1.0,-1.0,-1000.0,-1.0,-1.0,-1.0,-1.0
1147,0.0,7305.0,0.0,7305.017999999999,0.0,64.0,0.0,64.01500000000004,0.0,41453.0,26973.0,0.0,19466.0,26973.0,18261.0,18261.0,3726.0,3726.0,-1.0,-1.0,-1000.0,-1.0,-1.0,-1.0,-1.0
1148,0.0,7305.0,0.0,7305.017999999999,0.0,64.0,0.0,64.01500000000004,0.0,41453.0,26973.0,0.0,19466.0,26973.0,18261.0,18261.0,3726.0,3726.0,-1.0,-1.0,-1000.0,-1.0,-1.0,-1.0,-1.0
1149,0.0,7305.0,0.0,7305.017999999999,0.0,64.0,0.0,64.01500000000004,0.0,41453.0,26973.0,0.0,19466.0,26973.0,18261.0,18261.0,3726.0,3726.0,-1.0,-1.0,-1000.0,-1.0,-1.0,-1.0,-1.0
1150,0.0,7305.0,0.0,7305.017999999999,0.0,64.0,0.0,64.01500000000004,0.0,41453.0,26973.0,0.0,19466.0,26973.0,18261.0,18261.0,3726.0,3726.0,-1.0,-1.0,-1000.0,-1.0,-1.0,-1.0,-1.0
1151,0.0,7305.0,0.0,7305.017999999999,0.0,64.0,0.0,64.01500000000004,0.0,41453.0,26973.0,0.0,19466.0,26973.0,18261.0,18261.0,3726.0,3726.0,-1.0,-1.0,-1000.0,-1.0,-1.0,-1.0,-1.0
1152,0.0,7305.0,0.0,7305.017999999999,0.0,64.0,0.0,64.01500000000004,0.0,41453.0,26973.0,0.0,19466.0,26973.0,18261.0,18261.0,3726.0,3726.0,-1.0,-1.0,-1000.0,-1.0,-1.0,-1.0,-1.0
1153,0.0,7305.0,0.0,7305.017999999999,0.0,64.0,0.0,64.01500000000004,0.0,41453.0,26973.0,0.0,19466.0,26973.0,18261.0,18261.0,3726.0,3726.0,-1.0,-1.0,-1000.0,-1.0,-1.0,-1.0,-1.0
1154,0.0,7305.0,0.0,7305.017999999999,0.0,64.0,0.0,64.01500000000004,0.0,41453.0,26973.0,0.0,19466.0,26973.0,18261.0,18261.0,3726.0,3726.0,-1.0,-1.0,-1000.0,-1.0,-1.0,-1.0,-1.0
1155,0.0,7305.0,0.0,7305.017999999999,0.0,64.0,0.0,64.01500000000004,0.0,41453.0,26973.0,0.0,19466.0,26973.0,18261.0,18261.0,3726.0,3726.0,-1.0,-1.0,-1000.0,-1.0,-1.0,-1.0,-1.0
1156,0.0,7305.0,0.0,7305.017999999999,0.0,64.0,0.0,64.01500000000004,0.0,41453.0,26973.0,0.0,19466.0,26973.0,18261.0,18261.0,3726.0,3726.0,-1.0,-1.0,-1000.0,-1.0,-1.0,-1.0,-1.0
1157,0.0,7305.0,0.0,7305.017999999999,0.0,64.0,0.0,64.01500000000004,0.0,41453.0,26973.0,0.0,19466.0,26973.0,18261.0,18261.0,3726.0,3726.0,-1.0,-1.0,-1000.0,-1.0,-1.0,-1.0,-1.0
1158,0.0,7305.0,0.0,7305.017999999999,0.0,64.0,0.0,64.01500000000004,0.0,41453.0,26973.0,0.0,19466.0,26973.0,18261.0,18261.0,3726.0,3726.0,-1.0,-1.0,-1000.0,-1.0,-1.0,-1.0,-1.0
1159,0.0,7305.0,0.0,7305.017999999999,0.0,64.0,0.0,64.01500000000004,0.0,41453.0,26973.0,0.0,19466.0,26973.0,18261.0,18261.0,3726.0,3726.0,-1.0,-1.0,-1000.0,-1.0,-1.0,-1.0,-1.0
1160,0.0,7305.0,0.0,7305.017999999999,0.0,64.0,0.0,64.01500000000004,0.0,41453.0,26973.0,0.0,19466.0,26973.0,18261.0,18261.0,3726.0,3726.0,-1.0,-1.0,-1000.0,-1.0,-1.0,-1.0,-1.0
1161,0.0,7305.0,0.0,7305.017999999999,0.0,64.0,0.0,64.01500000000004,0.0,41453.0,26973.0,0.0,19466.0,26973.0,18261.0,18261.0,3726.0,3726.0,-1.0,-1.0,-1000.0,-1.0,-1.0,-1.0,-1.0
1162,0.0,7305.0,0.0,7305.017999999999,0.0,64.0,0.0,64.01500000000004,0.0,41453.0,26973.0,0.0,19466.0,26973.0,18261.0,18261.0,3726.0,3726.0,-1.0,-1.0,-1000.0,-1.0,-1.0,-1.0,-1.0
1163,0.0,7305.0,0.0,7305.017999999999,0.0,64.0,0.0,64.01500000000004,0.0,41453.0,26973.0,0.0,19466.0,26973.0,18261.0,18261.0,3726.0,3726.0,-1.0,-1.0,-1000.0,-1.0,-1.0,-1.0,-1.0
1164,0.0,7305.0,0.0,7305.017999999999,0.0,64.0,0.0,64.01500000000004,0.0,41453.0,26973.0,0.0,19466.0,26973.0,18261.0,18261.0,3726.0,3726.0,-1.0,-1.0,-1000.0,-1.0,-1.0,-1.0,-1.0
1165,0.0,7305.0,0.0,7305.017999999999,0.0,64.0,0.0,64.01500000000004,0.0,41453.0,26973.0,0.0,19466.0,26973.0,18261.0,18261.0,3726.0,3726.0,-1.0,-1.0,-1000.0,-1.0,-1.0,-1.0,-1.0
1166,0.0,7305.0,0.0,7305.017999999999,0.0,64.0,0.0,64.01500000000004,0.0,41453.0,26973.0,0.0,19466.0,26973.0,18261.0,18261.0,3726.0,3726.0,-1.0,-1.0,-1000.0,-1.0,-1.0,-1.0,-1.0
1167,0.0,7305.0,0.0,7305.017999999999,0.0,64.0,0.0,64.01500000000004,0.0,41453.0,26973.0,0.0,19466.0,26973.0,18261.0,18261.0,3726.0,3726.0,-1.0,-1.0,-1000.0,-1.0,-1.0,-1.0,-1.0
1168,0.0,7305.0,0.0,7305.017999999999,0.0,64.0,0.0,64.01500000000004,0.0,41453.0,26973.0,0.0,19466.0,26973.0,18261.0,18261.0,3726.0,3726.0,-1.0,-1.0,-1000.0,-1.0,-1.0,-1.0,-1.0
1169,0.0,7305.0,0.0,7305.017999999999,0.0,64.0,0.0,64.01500000000004,0.0,41453.0,26973.0,0.0,19466.0,26973.0,18261.0,18261.0,3726.0,3726.0,-1.0,-1.0,-1000.0,-1.0,-1.0,-1.0,-1.0
1170,0.0,7305.0,0.0,7305.017999999999,0.0,64.0,0.0,64.01500000000004,0.0,41453.0,26973.0,0.0,19466.0,26973.0,18261.0,18261.0,3726.0,3726.0,-1.0,-1.0,-1000.0,-1.0,-1.0,-1.0,-1.0
1171,0.0,7305.0,0.0,7305.017999999999,0.0,64.0,0.0,64.01500000000004,0.0,41453.0,26973.0,0.0,19466.0,26973.0,18261.0,18261.0,3726.0,3726.0,-1.0,-1.0,-1000.0,-1.0,-1.0,-1.0,-1.0
1172,0.0,7305.0,0.0,7305.017999999999,0.0,64.0,0.0,64.01500000000004,0.0,41453.0,26973.0,0.0,19466.0,26973.0,18261.0,18261.0,3726.0,3726.0,-1.0,-1.0,-1000.0,-1.0,-1.0,-1.0,-1.0
1173,0.0,7305.0,0.0,7305.017999999999,0.0,64.0,0.0,64.01500000000004,0.0,41453.0,26973.0,0.0,19466.0,26973.0,18261.0,18261.0,3726.0,3726.0,-1.0,-1.0,-1000.0,-1.0,-1.0,-1.0,-1.0
1174,0.0,7305.0,0.0,7305.017999999999,0.0,64.0,0.0,64.01500000000004,0.0,41453.0,26973.0,0.0,19466.0,26973.0,18261.0,18261.0,3726.0,3726.0,-1.0,-1.0,-1000.0,-1.0,-1.0,-1.0,-1.0
1175,0.0,7305.0,0.0,7305.017999999999,0.0,64.0,0.0,64.01500000000004,0.0,41453.0,26973.0,0.0,19466.0,26973.0,18261.0,18261.0,3726.0,3726.0,-1.0,-1.0,-1000.0,-1.0,-1.0,-1.0,-1.0
1176,0.0,7305.0,0.0,7305.017999999999,0.0,64.0,0.0,64.01500000000004,0.0,41453.0,26973.0,0.0,19466.0,26973.0,18261.0,18261.0,3726.0,3726.0,-1.0,-1.0,-1000.0,-1.0,-1.0,-1.0,-1.0
1177,0.0,7305.0,0.0,7305.017999999999,0.0,64.0,0.0,64.01500000000004,0.0,41453.0,26973.0,0.0,19466.0,26973.0,18261.0,18261.0,3726.0,3726.0,-1.0,-1.0,-1000.0,-1.0,-1.0,-1.0,-1.0
1178,0.0,7305.0,0.0,7305.017999999999,0.0,64.0,0.0,64.01500000000004,0.0,41453.0,26973.0,0.0,19466.0,26973.0,18261.0,18261.0,3726.0,3726.0,-1.0,-1.0,-1000.0,-1.0,-1.0,-1.0,-1.0
1179,0.0,7305.0,0.0,7305.017999999999,0.0,64.0,0.0,64.01500000000004,0.0,41453.0,26973.0,0.0,19466.0,26973.0,18261.0,18261.0,3726.0,3726.0,-1.0,-1.0,-1000.0,-1.0,-1.0,-1.0,-1.0
1180,0.0,7305.0,0.0,7305.017999999999,0.0,64.0,0.0,64.01500000000004,0.0,41453.0,26973.0,0.0,19466.0,26973.0,18261.0,18261.0,3726.0,3726.0,-1.0,-1.0,-1000.0,-1.0,-1.0,-1.0,-1.0
1181,0.0,7305.0,0.0,7305.017999999999,0.0,64.0,0.0,64.01500000000004,0.0,41453.0,26973.0,0.0,19466.0,26973.0,18261.0,18261.0,3726.0,3726.0,-1.0,-1.0,-1000.0,-1.0,-1.0,-1.0,-1.0
1182,0.0,7305.0,0.0,7305.017999999999,0.0,64.0,0.0,64.01500000000004,0.0,41453.0,26973.0,0.0,19466.0,26973.0,18261.0,18261.0,3726.0,3726.0,-1.0,-1.0,-1000.0,-1.0,-1.0,-1.0,-1.0
1183,0.0,7305.0,0.0,7305.017999999999,0.0,64.0,0.0,64.01500000000004,0.0,41453.0,26973.0,0.0,19466.0,26973.0,18261.0,18261.0,3726.0,3726.0,-1.0,-1.0,-1000.0,-1.0,-1.0,-1.0,-1.0
1184,0.0,7305.0,0.0,7305.017999999999,0.0,64.0,0.0,64.01500000000004,0.0,41453.0,26973.0,0.0,19466.0,26973.0,18261.0,18261.0,3726.0,3726.0,-1.0,-1.0,-1000.0,-1.0,-1.0,-1.0,-1.0
1185,0.0,7305.0,0.0,7305.017999999999,0.0,64.0,0.0,64.01500000000004,0.0,41453.0,26973.0,0.0,19466.0,26973.0,18261.0,18261.0,3726.0,3726.0,-1.0,-1.0,-1000.0,-1.0,-1.0,-1.0,-1.0
1186,0.0,7305.0,0.0,7305.017999999999,0.0,64.0,0.0,64.01500000000004,0.0,41453.0,26973.0,0.0,19466.0,26973.0,18261.0,18261.0,3726.0,3726.0,-1.0,-1.0,-1000.0,-1.0,-1.0,-1.0,-1.0
1187,0.0,7305.0,0.0,7305.017999999999,0.0,64.0,0.0,64.01500000000004,0.0,41453.0,26973.0,0.0,19466.0,26973.0,18261.0,18261.0,3726.0,3726.0,-1.0,-1.0,-1000.0,-1.0,-1.0,-1.0,-1.0
1188,0.0,7305.0,0.0,7305.017999999999,0.0,64.0,0.0,64.01500000000004,0.0,41453.0,26973.0,0.0,19466.0,26973.0,18261.0,18261.0,3726.0,3726.0,-1.0,-1.0,-1000.0,-1.0,-1.0,-1.0,-1.0
1189,0.0,7305.0,0.0,7305.017999999999,0.0,64.0,0.0,64.01500000000004,0.0,41453.0,26973.0,0.0,19466.0,26973.0,18261.0,18261.0,3726.0,3726.0,-1.0,-1.0,-1000.0,-1.0,-1.0,-1.0,-1.0
1190,0.0,7305.0,0.0,7305.017999999999,0.0,64.0,0.0,64.01500000000004,0.0,41453.0,26973.0,0.0,19466.0,26973.0,18261.0,18261.0,3726.0,3726.0,-1.0,-1.0,-1000.0,-1.0,-1.0,-1.0,-1.0
1191,0.0,7305.0,0.0,7305.017999999999,0.0,64.0,0.0,64.01500000000004,0.0,41453.0,26973.0,0.0,19466.0,26973.0,18261.0,18261.0,3726.0,3726.0,-1.0,-1.0,-1000.0,-1.0,-1.0,-1.0,-1.0
1192,0.0,7305.0,0.0,7305.017999999999,0.0,64.0,0.0,64.01500000000004,0.0,41453.0,26973.0,0.0,19466.0,26973.0,18261.0,18261.0,3726.0,3726.0,-1.0,-1.0,-1000.0,-1.0,-1.0,-1.0,-1.0
1193,0.0,7305.0,0.0,7305.017999999999,0.0,64.0,0.0,64.01500000000004,0.0,41453.0,26973.0,0.0,19466.0,26973.0,18261.0,18261.0,3726.0,3726.0,-1.0,-1.0,-1000.0,-1.0,-1.0,-1.0,-1.0
1194,0.0,7305.0,0.0,7305.017999999999,0.0,64.0,0.0,64.01500000000004,0.0,41453.0,26973.0,0.0,19466.0,26973.0,18261.0,18261.0,3726.0,3726.0,-1.0,-1.0,-1000.0,-1.0,-1.0,-1.0,-1.0
1195,0.0,7305.0,0.0,7305.017999999999,0.0,64.0,0.0,64.01500000000004,0.0,41453.0,26973.0,0.0,19466.0,26973.0,18261.0,18261.0,3726.0,3726.0,-1.0,-1.0,-1000.0,-1.0,-1.0,-1.0,-1.0
1196,0.0,7305.0,0.0,7305.017999999999,0.0,64.0,0.0,64.01500000000004,0.0,41453.0,26973.0,0.0,19466.0,26973.0,18261.0,18261.0,3726.0,3726.0,-1.0,-1.0,-1000.0,-1.0,-1.0,-1.0,-1.0
1197,0.0,7305.0,0.0,7305.017999999999,0.0,64.0,0.0,64.01500000000004,0.0,41453.0,26973.0,0.0,19466.0,26973.0,18261.0,18261.0,3726.0,3726.0,-1.0,-1.0,-1000.0,-1.0,-1.0,-1.0,-1.0
1198,0.0,7305.0,0.0,7305.017999999999,0.0,64.0,0.0,64.01500000000004,0.0,41453.0,26973.0,0.0,19466.0,26973.0,18261.0,18261.0,3726.0,3726.0,-1.0,-1.0,-1000.0,-1.0,-1.0,-1.0,-1.0
1199,0.0,7305.0,0.0,7305.017999999999,0.0,64.0,0.0,64.01500000000004,0.0,41453.0,26973.0,0.0,19466.0,26973.0,18261.0,18261.0,3726.0,3726.0,-1.0,-1.0,-1000.0,-1.0,-1.0,-1.0,-1.0
1200,0.0,7305.0,0.0,7305.017999999999,0.0,64.0,0.0,64.01500000000004,0.0,41453.0,26973.0,0.0,19466.0,26973.0,18261.0,18261.0,3726.0,3726.0,-1.0,-1.0,-1000.0,-1.0,-1.0,-1.0,-1.0
1201,0.0,7305.0,0.0,7305.017999999999,0.0,64.0,0.0,64.01500000000004,0.0,41453.0,26973.0,0.0,19466.0,26973.0,18261.0,18261.0,3726.0,3726.0,-1.0,-1.0,-1000.0,-1.0,-1.0,-1.0,-1.0
1202,0.0,7305.0,0.0,7305.017999999999,0.0,64.0,0.0,64.01500000000004,0.0,41453.0,26973.0,0.0,19466.0,26973.0,18261.0,18261.0,3726.0,3726.0,-1.0,-1.0,-1000.0,-1.0,-1.0,-1.0,-1.0
1203,0.0,7305.0,0.0,7305.017999999999,0.0,64.0,0.0,64.01500000000004,0.0,41453.0,26973.0,0.0,19466.0,26973.0,18261.0,18261.0,3726.0,3726.0,-1.0,-1.0,-1000.0,-1.0,-1.0,-1.0,-1.0
1204,0.0,7305.0,0.0,7305.017999999999,0.0,64.0,0.0,64.01500000000004,0.0,41453.0,26973.0,0.0,19466.0,26973.0,18261.0,18261.0,3726.0,3726.0,-1.0,-1.0,-1000.0,-1.0,-1.0,-1.0,-1.0
1205,0.0,7305.0,0.0,7305.017999999999,0.0,64.0,0.0,64.01500000000004,0.0,41453.0,26973.0,0.0,19466.0,26973.0,18261.0,18261.0,3726.0,3726.0,-1.0,-1.0,-1000.0,-1.0,-1.0,-1.0,-1.0
1206,0.0,7305.0,0.0,7305.017999999999,0.0,64.0,0.0,64.01500000000004,0.0,41453.0,26973.0,0.0,19466.0,26973.0,18261.0,18261.0,3726.0,3726.0,-1.0,-1.0,-1000.0,-1.0,-1.0,-1.0,-1.0
1207,0.0,7305.0,0.0,7305.017999999999,0.0,64.0,0.0,64.01500000000004,0.0,41453.0,26973.0,0.0,19466.0,26973.0,18261.0,18261.0,3726.0,3726.0,-1.0,-1.0,-1000.0,-1.0,-1.0,-1.0,-1.0
1208,0.0,7305.0,0.0,7305.017999999999,0.0,64.0,0.0,64.01500000000004,0.0,41453.0,26973.0,0.0,19466.0,26973.0,18261.0,18261.0,3726.0,3726.0,-1.0,-1.0,-1000.0,-1.0,-1.0,-1.0,-1.0
1209,0.0,7305.0,0.0,7305.017999999999,0.0,64.0,0.0,64.01500000000004,0.0,41453.0,26973.0,0.0,19466.0,26973.0,18261.0,18261.0,3726.0,3726.0,-1.0,-1.0,-1000.0,-1.0,-1.0,-1.0,-1.0
1210,0.0,7305.0,0.0,7305.017999999999,0.0,64.0,0.0,64.01500000000004,0.0,41453.0,26973.0,0.0,19466.0,26973.0,18261.0,18261.0,3726.0,3726.0,-1.0,-1.0,-1000.0,-1.0,-1.0,-1.0,-1.0
1211,0.0,7305.0,0.0,7305.017999999999,0.0,64.0,0.0,64.01500000000004,0.0,41453.0,26973.0,0.0,19466.0,26973.0,18261.0,18261.0,3726.0,3726.0,-1.0,-1.0,-1000.0,-1.0,-1.0,-1.0,-1.0
1212,0.0,7305.0,0.0,7305.017999999999,0.0,64.0,0.0,64.01500000000004,0.0,41453.0,26973.0,0.0,19466.0,26973.0,18261.0,18261.0,3726.0,3726.0,-1.0,-1.0,-1000.0,-1.0,-1.0,-1.0,-1.0
1213,0.0,7305.0,0.0,7305.017999999999,0.0,64.0,0.0,64.01500000000004,0.0,41453.0,26973.0,0.0,19466.0,26973.0,18261.0,18261.0,3726.0,3726.0,-1.0,-1.0,-1000.0,-1.0,-1.0,-1.0,-1.0
1214,0.0,7305.0,0.0,7305.017999999999,0.0,64.0,0.0,64.01500000000004,0.0,41453.0,26973.0,0.0,19466.0,26973.0,18261.0,18261.0,3726.0,3726.0,-1.0,-1.0,-1000.0,-1.0,-1.0,-1.0,-1.0
1215,0.0,7305.0,0.0,7305.017999999999,0.0,64.0,0.0,64.01500000000004,0.0,41453.0,26973.0,0.0,19466.0,26973.0,18261.0,18261.0,3726.0,3726.0,-1.0,-1.0,-1000.0,-1.0,-1.0,-1.0,-1.0
1216,0.0,7305.0,0.0,7305.017999999999,0.0,64.0,0.0,64.01500000000004,0.0,41453.0,26973.0,0.0,19466.0,26973.0,18261.0,18261.0,3726.0,3726.0,-1.0,-1.0,-1000.0,-1.0,-1.0,-1.0,-1.0
1217,0.0,7305.0,0.0,7305.017999999999,0.0,64.0,0.0,64.01500000000004,0.0,41453.0,26973.0,0.0,19466.0,26973.0,18261.0,18261.0,3726.0,3726.0,-1.0,-1.0,-1000.0,-1.0,-1.0,-1.0,-1.0
1218,0.0,7305.0,0.0,7305.017999999999,0.0,64.0,0.0,64.01500000000004,0.0,41453.0,26973.0,0.0,19466.0,26973.0,18261.0,18261.0,3726.0,3726.0,-1.0,-1.0,-1000.0,-1.0,-1.0,-1.0,-1.0
1219,0.0,7305.0,0.0,7305.017999999999,0.0,64.0,0.0,64.01500000000004,0.0,41453.0,26973.0,0.0,19466.0,26973.0,18261.0,18261.0,3726.0,3726.0,-1.0,-1.0,-1000.0,-1.0,-1.0,-1.0,-1.0
1220,0.0,7305.0,0.0,7305.017999999999,0.0,64.0,0.0,64.01500000000004,0.0,41453.0,26973.0,0.0,19466.0,26973.0,18261.0,18261.0,3726.0,3726.0,-1.0,-1.0,-1000.0,-1.0,-1.0,-1.0,-1.0
1221,0.0,7305.0,0.0,7305.017999999999,0.0,64.0,0.0,64.01500000000004,0.0,41453.0,26973.0,0.0,19466.0,26973.0,18261.0,18261.0,3726.0,3726.0,-1.0,-1.0,-1000.0,-1.0,-1.0,-1.0,-1.0
1222,0.0,7305.0,0.0,7305.017999999999,0.0,64.0,0.0,64.01500000000004,0.0,41453.0,26973.0,0.0,19466.0,26973.0,18261.0,18261.0,3726.0,3726.0,-1.0,-1.0,-1000.0,-1.0,-1.0,-1.0,-1.0
1223,0.0,7305.0,0.0,7305.017999999999,0.0,64.0,0.0,64.01500000000004,0.0,41453.0,26973.0,0.0,19466.0,26973.0,18261.0,18261.0,3726.0,3726.0,-1.0,-1.0,-1000.0,-1.0,-1.0,-1.0,-1.0
1224,0.0,7305.0,0.0,7305.017999999999,0.0,64.0,0.0,64.01500000000004,0.0,41453.0,26973.0,0.0,19466.0,26973.0,18261.0,18261.0,3726.0,3726.0,-1.0,-1.0,-1000.0,-1.0,-1.0,-1.0,-1.0
1225,0.0,7305.0,0.0,7305.017999999999,0.0,64.0,0.0,64.01500000000004,0.0,41453.0,26973.0,0.0,19466.0,26973.0,18261.0,18261.0,3726.0,3726.0,-1.0,-1.0,-1000.0,-1.0,-1.0,-1.0,-1.0
1226,0.0,7305.0,0.0,7305.017999999999,0.0,64.0,0.0,64.01500000000004,0.0,41453.0,26973.0,0.0,19466.0,26973.0,18261.0,18261.0,3726.0,3726.0,-1.0,-1.0,-1000.0,-1.0,-1.0,-1.0,-1.0
1227,0.0,7305.0,0.0,7305.017999999999,0.0,64.0,0.0,64.01500000000004,0.0,41453.0,26973.0,0.0,19466.0,26973.0,18261.0,18261.0,3726.0,3726.0,-1.0,-1.0,-1000.0,-1.0,-1.0,-1.0,-1.0
1228,0.0,7305.0,0.0,7305.017999999999,0.0,64.0,0.0,64.01500000000004,0.0,41453.0,26973.0,0.0,19466.0,26973.0,18261.0,18261.0,3726.0,3726.0,-1.0,-1.0,-1000.0,-1.0,-1.0,-1.0,-1.0
1229,0.0,7305.0,0.0,7305.017999999999,0.0,64.0,0.0,64.01500000000004,0.0,41453.0,26973.0,0.0,19466.0,26973.0,18261.0,18261.0,3726.0,3726.0,-1.0,-1.0,-1000.0,-1.0,-1.0,-1.0,-1.0
1230,0.0,7305.0,0.0,7305.017999999999,0.0,64.0,0.0,64.01500000000004,0.0,41453.0,26973.0,0.0,19466.0,26973.0,18261.0,18261.0,3726.0,3726.0,-1.0,-1.0,-1000.0,-1.0,-1.0,-1.0,-1.0
1231,0.0,7305.0,0.0,7305.017999999999,0.0,64.0,0.0,64.01500000000004,0.0,41453.0,26973.0,0.0,19466.0,26973.0,18261.0,18261.0,3726.0,3726.0,-1.0,-1.0,-1000.0,-1.0,-1.0,-1.0,-1.0
1232,0.0,7305.0,0.0,7305.017999999999,0.0,64.0,0.0,64.01500000000004,0.0,41453.0,26973.0,0.0,19466.0,26973.0,18261.0,18261.0,3726.0,3726.0,-1.0,-1.0,-1000.0,-1.0,-1.0,-1.0,-1.0
1233,0.0,7305.0,0.0,7305.017999999999,0.0,64.0,0.0,64.01500000000004,0.0,41453.0,26973.0,0.0,19466.0,26973.0,18261.0,18261.0,3726.0,3726.0,-1.0,-1.0,-1000.0,-1.0,-1.0,-1.0,-1.0
1234,0.0,7305.0,0.0,7305.017999999999,0.0,64.0,0.0,64.01500000000004,0.0,41453.0,26973.0,0.0,19466.0,26973.0,18261.0,18261.0,3726.0,3726.0,-1.0,-1.0,-1000.0,-1.0,-1.0,-1.0,-1.0
1235,0.0,7305.0,0.0,7305.017999999999,0.0,64.0,0.0,64.01500000000004,0.0,41453.0,26973.0,0.0,19466.0,26973.0,18261.0,18261.0,3726.0,3726.0,-1.0,-1.0,-1000.0,-1.0,-1.0,-1.0,-1.0
